337
105 105 1
145 122 8
136 109 15
146 139 6
136 137 2
118 104 2
140 123 19
113 148 10
109 145 17
114 109 15
135 104 13
137 103 10
102 105 6
143 104 9
142 128 8
132 142 3
114 101 17
116 136 18
117 121 16
119 131 15
104 133 8
136 142 16
103 121 13
108 109 16
123 117 9
134 139 7
129 102 8
111 148 7
149 125 7
123 143 5
124 136 13
123 114 2
102 143 4
120 123 8
146 128 14
128 103 19
103 149 18
149 113 6
130 103 13
118 131 19
101 133 1
117 140 10
117 148 14
120 127 14
141 130 18
127 142 16
126 129 18
103 106 1
146 117 18
102 129 19
107 140 19
127 149 18
135 144 1
107 138 9
112 111 16
235 231 8
248 242 15
227 234 1
246 246 15
222 232 5
236 248 19
200 219 14
201 225 7
206 227 14
211 211 9
215 218 7
210 218 7
204 227 11
245 207 9
212 243 13
202 245 17
240 216 0
205 246 1
230 206 2
237 247 17
238 207 19
213 243 16
244 218 15
241 248 13
213 232 0
242 218 19
240 224 3
248 216 17
240 227 18
249 221 9
214 243 13
209 210 0
214 214 4
221 220 11
244 249 14
200 207 16
234 206 16
229 235 13
210 221 5
208 205 13
221 213 17
246 234 6
241 214 14
202 212 0
221 223 2
214 212 6
209 202 14
243 224 17
231 230 14
236 212 15
248 229 17
246 214 5
239 203 7
248 244 4
241 245 9
248 235 1
330 342 15
317 304 10
312 345 14
325 346 18
317 314 14
347 323 11
317 344 19
340 315 18
349 339 5
302 324 4
334 308 13
312 340 5
315 304 15
312 322 9
323 327 14
348 343 16
307 341 15
340 320 17
336 301 0
324 334 5
332 323 3
339 341 10
322 318 16
302 332 13
317 333 14
317 306 13
340 328 3
325 323 0
306 311 1
323 318 17
317 308 6
311 313 14
345 342 3
336 304 15
337 324 1
305 349 8
300 344 17
329 310 16
317 300 14
334 336 11
330 315 14
317 343 2
331 345 9
328 300 11
313 339 12
333 337 11
339 347 11
345 332 18
307 349 0
310 305 11
303 308 7
327 300 17
329 333 18
347 303 5
339 337 1
348 332 19
304 336 12
340 316 5
313 334 10
302 343 14
333 320 12
309 315 0
327 337 6
326 303 0
319 312 5
343 343 16
314 330 12
318 319 17
307 314 13
342 343 16
300 315 18
319 314 6
312 322 9
313 319 15
308 310 0
327 328 11
346 318 6
323 336 3
307 325 16
331 338 18
325 306 9
343 316 16
326 310 2
344 331 10
438 401 17
434 404 9
435 435 12
439 400 11
437 410 6
418 430 18
445 436 6
410 437 16
416 441 0
444 434 1
401 403 19
420 433 9
415 428 19
423 400 10
431 449 8
428 424 16
430 441 10
425 415 4
412 404 7
403 432 7
441 414 0
429 402 5
424 442 12
447 449 0
406 423 18
421 409 14
418 424 15
439 423 11
430 426 19
437 404 12
445 431 12
422 430 13
431 403 17
443 410 0
439 444 1
446 420 4
404 408 13
439 412 15
400 435 17
402 411 3
403 407 17
430 446 16
429 409 2
430 404 2
414 402 8
443 423 4
439 434 12
407 429 8
425 441 16
449 432 13
438 421 17
448 428 5
406 441 18
428 437 7
446 405 3
400 449 1
424 416 2
421 448 11
448 419 5
412 437 17
441 439 19
413 401 3
406 410 6
509 515 13
538 510 16
516 528 0
515 529 9
521 513 16
520 520 15
505 512 4
525 546 0
543 514 9
540 520 19
510 520 13
518 529 15
545 529 14
507 519 8
524 535 5
508 538 18
501 520 0
547 518 2
549 529 7
530 539 6
513 503 5
524 542 17
525 547 0
505 545 6
540 516 6
519 536 19
516 547 13
535 530 9
505 513 6
530 522 0
502 503 4
519 549 8
530 501 15
549 521 0
544 547 5
528 548 12
538 527 19
534 522 13
504 547 7
529 524 14
541 516 7
545 510 11
504 516 15
502 518 7
542 507 7
538 526 17
515 525 17
534 513 4
500 537 2
545 501 4
544 515 18
511 525 7
520 547 13
503 539 9
543 512 16
549 542 8
543 547 2
546 537 11
541 520 5
506 531 3
543 531 0
540 549 6
507 522 17
511 522 6
500 540 3
518 539 6
512 518 11
527 507 4
521 506 3
522 509 16
519 519 8
527 509 5
512 512 10
506 514 4
509 547 2
536 533 13
518 532 9
523 544 0
501 517 4
