433
116 139 14
126 140 16
124 130 16
112 127 16
130 119 10
117 134 16
143 129 7
118 137 11
118 135 17
103 122 7
121 134 19
114 139 3
139 125 18
100 136 17
149 126 3
132 109 4
126 119 7
119 108 12
105 148 11
128 145 0
136 129 1
126 109 18
149 115 2
101 110 3
131 129 12
104 101 7
137 117 1
110 119 12
130 107 8
131 108 13
100 115 14
140 141 8
146 114 3
147 125 11
141 141 8
140 140 9
120 127 15
146 109 2
117 130 1
126 131 19
124 141 1
108 145 9
126 130 19
137 147 12
130 127 11
136 114 4
103 104 0
121 107 8
136 108 19
122 134 10
126 148 3
107 105 7
139 122 9
121 104 11
127 124 14
230 229 1
228 215 18
248 245 10
233 243 7
224 221 8
224 204 4
238 230 2
207 201 13
304 329 11
345 308 14
334 319 14
328 304 9
338 300 9
318 312 7
326 329 14
318 336 14
332 309 2
322 335 14
344 344 8
349 335 9
320 333 11
329 304 14
318 319 8
303 326 5
348 316 13
306 321 14
339 320 3
327 322 3
343 339 15
411 412 17
412 413 5
426 427 19
431 433 12
425 436 1
444 446 11
403 411 9
410 443 11
427 438 18
428 400 19
401 431 9
421 413 10
442 422 2
445 407 5
435 401 13
413 424 2
403 438 13
447 424 11
410 425 8
446 430 13
436 405 0
429 412 5
443 434 16
420 440 14
433 412 16
501 525 0
535 516 15
502 531 6
523 505 14
536 506 0
504 517 9
517 549 19
526 521 1
549 546 11
503 527 19
549 530 5
533 513 0
525 545 6
546 518 2
505 532 19
505 516 10
523 531 1
529 513 7
548 543 16
535 525 19
530 501 5
514 519 12
510 538 12
510 517 6
527 549 5
523 538 16
530 506 11
510 528 2
524 535 3
526 530 8
533 530 3
515 500 8
506 507 13
530 519 19
536 538 8
514 534 4
512 529 1
531 524 12
528 537 13
539 529 5
548 502 13
544 527 3
541 519 6
506 528 8
503 508 14
515 504 0
502 515 0
508 519 1
512 545 7
543 538 19
520 535 13
510 534 18
517 528 13
532 535 2
510 547 13
541 514 9
527 511 16
547 509 1
549 540 6
502 536 13
543 516 1
530 529 13
500 508 1
504 519 0
548 501 5
547 532 0
514 504 14
526 526 9
648 617 12
621 627 1
626 643 7
644 636 19
624 623 19
606 620 11
646 639 7
632 628 4
629 630 5
648 605 3
627 649 7
623 649 0
613 646 6
631 611 2
637 609 0
612 622 12
617 631 5
611 621 3
616 610 10
640 646 5
611 629 7
603 634 9
646 615 8
607 640 9
614 645 10
625 637 2
641 605 16
629 645 4
649 605 17
600 616 9
605 618 2
602 604 5
630 646 10
637 640 8
622 626 3
648 606 18
625 633 6
622 603 7
629 646 14
608 616 14
635 636 14
643 649 0
609 631 0
626 615 15
622 629 7
640 612 13
608 612 6
635 621 12
646 603 7
618 649 16
636 601 14
636 626 11
643 604 13
612 642 1
614 645 0
629 617 18
632 602 18
640 647 16
608 628 15
647 637 2
634 607 4
608 611 2
645 643 19
645 615 13
602 614 0
606 637 10
648 635 17
602 619 8
638 629 13
622 601 2
607 619 12
622 629 14
625 643 9
604 636 4
620 605 2
643 624 6
607 628 13
641 633 2
641 645 19
641 600 5
610 624 2
641 638 0
649 618 17
607 600 14
636 638 13
610 637 12
607 615 5
641 631 4
619 642 12
730 705 19
732 709 12
711 711 9
736 744 19
702 724 1
716 724 16
719 700 0
702 746 12
703 700 4
706 737 13
707 700 7
723 708 1
716 706 4
704 745 1
715 747 4
748 731 12
719 730 4
723 729 14
743 719 19
701 726 18
716 720 7
700 700 1
732 732 10
701 745 8
726 705 17
740 714 1
735 747 10
716 711 17
734 730 18
726 731 6
743 737 3
715 711 16
728 722 2
714 733 13
700 742 1
737 737 3
702 736 9
722 743 11
724 720 2
722 730 1
721 729 3
734 741 2
744 707 18
743 744 8
712 704 12
700 744 3
735 737 3
732 714 16
702 725 17
733 739 19
723 741 17
708 702 2
730 729 17
705 706 3
731 709 10
715 745 11
736 706 7
728 742 16
710 744 8
704 739 9
744 730 4
746 745 9
709 700 10
719 738 19
721 748 17
703 736 18
733 727 17
711 749 8
730 714 13
746 703 16
711 738 2
718 729 16
722 738 5
702 748 19
727 703 18
711 712 9
732 717 0
730 727 11
740 722 2
727 727 10
701 737 0
702 736 10
746 724 14
740 739 11
732 711 3
705 722 1
701 722 15
721 731 10
726 712 8
726 741 14
725 704 13
733 744 12
742 702 11
744 711 5
715 737 2
713 700 17
709 741 14
710 715 1
807 810 14
824 841 9
801 841 10
804 841 14
837 814 1
831 838 14
814 818 13
834 811 16
834 837 18
800 829 10
832 816 10
840 809 6
826 821 17
845 847 9
810 823 14
829 821 19
814 831 3
843 801 3
833 845 14
829 837 5
927 929 10
949 917 2
937 907 3
948 933 0
933 925 3
934 904 4
906 932 17
909 928 15
918 944 3
941 920 10
929 904 13
921 906 16
924 943 6
935 948 13
916 932 5
920 945 2
910 932 3
939 943 19
909 929 18
917 947 5
928 924 16
921 932 4
928 920 8
920 912 9
932 923 4
908 933 15
929 908 15
947 931 15
937 923 13
919 945 17
934 927 11
920 948 15
914 927 19
947 921 5
900 944 8
927 934 11
949 901 0
931 943 5
922 929 3
940 939 15
910 945 19
920 914 13
911 919 8
920 941 10
939 925 0
915 944 16
1007 1023 11
1027 1004 0
1045 1012 5
