3240
139 129 11
147 139 11
143 122 16
118 118 17
134 117 4
121 105 4
128 129 8
117 148 15
134 130 11
104 101 2
107 101 4
118 105 10
232 249 15
238 216 15
226 231 6
248 231 13
241 213 6
237 214 14
218 248 14
225 220 15
218 225 0
241 207 12
233 249 6
204 221 3
229 222 16
238 223 0
227 212 19
215 237 18
226 223 10
242 212 13
237 226 5
230 237 16
211 226 6
231 202 19
211 204 16
249 222 17
200 210 14
327 316 13
301 301 1
327 349 18
333 331 5
333 311 9
348 315 4
300 346 16
322 308 12
332 327 8
327 311 10
319 342 15
305 304 11
309 300 8
301 343 6
328 343 11
305 314 10
343 330 6
339 307 13
339 309 0
337 338 12
330 312 12
334 330 5
337 306 19
301 312 18
306 331 4
349 341 3
319 330 6
301 329 11
314 335 12
315 315 3
334 345 11
334 306 11
334 300 16
341 320 9
319 333 2
301 312 12
313 300 1
334 315 14
330 342 14
304 334 14
329 311 5
333 310 2
313 309 19
348 328 7
340 349 11
340 300 9
342 308 10
327 335 7
346 330 19
346 306 4
307 326 19
335 339 11
301 308 15
331 345 2
300 319 6
338 315 5
341 310 0
346 345 14
343 338 10
315 313 6
307 307 8
315 345 5
304 316 3
334 302 8
334 320 5
316 335 16
346 338 9
310 330 15
349 327 13
311 342 2
334 327 9
338 341 4
316 308 7
338 311 12
335 346 6
319 323 4
320 323 12
330 303 9
335 311 13
328 330 14
302 304 17
302 336 5
323 305 14
338 309 10
337 305 10
304 317 7
334 337 6
319 339 2
315 318 5
346 325 3
306 348 3
315 308 16
340 348 19
428 429 7
438 408 9
415 422 15
424 430 18
420 414 12
444 446 16
411 406 11
445 411 7
408 408 6
431 429 16
416 419 14
421 422 3
409 407 14
405 419 0
434 430 19
417 408 10
446 411 12
413 419 8
401 441 16
423 429 8
424 432 17
427 425 13
435 434 18
425 439 4
408 439 3
449 435 9
442 422 13
446 434 4
446 430 9
446 423 9
424 436 2
417 424 0
440 428 15
413 444 12
426 422 12
435 408 19
432 449 13
436 406 19
447 433 18
519 542 4
541 522 5
534 540 5
545 542 1
534 544 2
520 500 4
526 537 16
508 514 10
543 538 3
611 602 10
605 630 4
618 610 10
642 603 18
645 607 13
629 602 3
645 608 6
645 614 15
622 628 7
628 647 19
612 602 1
610 625 0
647 610 8
635 640 10
607 609 3
605 642 12
622 610 12
605 609 14
630 607 14
630 642 8
611 637 5
643 628 9
640 614 7
637 630 6
647 626 6
607 604 11
613 635 10
643 649 13
611 633 13
646 641 15
647 627 12
610 600 6
617 633 14
619 612 1
606 620 8
636 634 7
649 631 10
625 639 12
631 623 0
644 627 5
622 626 8
648 642 12
649 638 1
613 616 10
600 622 10
636 617 1
635 602 18
629 604 15
643 621 5
627 614 7
634 638 4
644 615 1
615 640 16
602 616 10
613 601 10
627 615 10
631 628 3
625 640 3
717 714 15
740 721 10
720 713 19
730 702 0
709 713 0
741 705 4
737 736 7
722 747 8
707 700 15
747 701 2
715 731 5
733 704 6
743 729 18
739 714 1
727 703 14
713 701 10
718 722 12
747 713 16
747 742 18
721 704 15
746 703 17
735 741 11
715 717 9
744 704 3
706 724 19
741 705 8
711 719 3
739 712 0
723 728 19
716 747 7
713 742 19
709 724 8
725 700 2
737 723 5
702 712 9
704 748 15
700 704 2
736 721 2
728 746 2
734 721 11
715 736 14
737 729 5
736 708 7
740 738 7
720 740 6
742 724 0
729 719 2
748 713 19
716 738 6
747 726 4
725 720 2
737 730 18
742 747 18
712 704 9
738 726 8
716 716 18
736 715 12
733 708 16
724 742 1
726 701 0
721 733 12
729 730 12
717 716 6
719 722 19
719 730 0
720 726 19
710 741 18
727 731 9
713 736 0
713 734 6
723 728 4
711 748 3
727 738 14
733 734 4
703 749 8
705 726 7
748 709 16
727 717 14
710 704 8
721 745 0
744 743 19
725 715 16
744 719 14
734 726 18
721 739 18
717 727 14
736 704 10
838 806 18
815 816 0
831 806 14
841 834 5
832 825 5
928 945 15
924 918 11
906 922 15
903 946 9
916 906 18
930 943 9
901 923 16
907 945 12
939 916 0
914 926 2
933 902 2
923 949 9
915 906 18
933 930 16
947 904 15
935 945 18
941 912 14
947 938 12
927 940 6
932 944 17
938 932 10
940 900 7
916 943 15
907 945 4
905 938 15
901 928 11
910 914 9
911 942 1
946 915 6
941 942 15
905 929 4
908 941 18
924 941 14
942 928 14
924 909 19
943 908 12
907 925 9
918 921 8
936 932 2
948 942 6
920 918 15
902 923 10
942 919 0
907 903 19
940 911 2
921 944 3
905 908 4
900 911 10
938 908 13
938 945 12
924 937 10
939 933 15
923 931 11
902 917 18
925 918 3
907 905 7
920 929 4
909 932 7
912 930 18
929 947 2
935 921 12
924 915 4
931 913 7
900 935 3
910 917 13
935 916 5
909 917 9
905 923 16
933 914 2
929 941 17
902 905 4
944 929 12
936 946 13
945 938 12
917 938 13
937 941 19
934 909 2
910 925 18
924 908 6
934 912 7
917 924 13
907 947 15
911 923 8
930 909 6
944 910 11
949 913 17
902 940 15
918 938 1
920 944 9
908 924 16
940 914 3
929 919 2
902 933 8
1010 1031 12
1035 1004 11
1003 1007 8
1047 1005 7
1037 1048 14
1047 1034 6
1026 1024 17
1025 1046 7
1009 1009 5
1048 1049 6
1034 1036 15
1031 1021 11
1048 1002 10
1027 1000 3
1028 1036 0
1021 1004 2
1027 1009 14
1013 1014 4
1043 1038 11
1023 1025 1
1000 1019 9
1033 1000 9
1049 1017 15
1034 1008 9
1010 1016 1
1034 1032 4
1017 1014 11
1023 1004 15
1037 1019 11
1004 1012 1
1022 1031 19
1023 1004 3
1002 1022 1
1041 1040 19
1006 1026 19
1001 1006 16
1012 1030 10
1000 1028 19
1039 1000 12
1045 1033 18
1038 1003 15
1045 1047 15
1043 1025 0
1022 1003 19
1006 1019 7
1021 1003 10
1004 1048 15
1034 1031 4
1004 1004 19
1038 1033 5
1018 1038 9
1030 1015 15
1026 1022 9
1040 1003 4
1014 1003 13
1003 1007 4
1007 1027 6
1031 1011 17
1023 1021 12
1037 1022 14
1010 1027 0
1011 1014 8
1008 1024 4
1047 1047 0
1049 1039 8
1025 1009 16
1023 1035 5
1016 1022 19
1049 1034 2
1021 1045 14
1025 1034 3
1037 1006 8
1033 1032 19
1002 1027 1
1016 1013 12
1035 1028 3
1041 1003 5
1032 1000 2
1003 1039 17
1029 1047 0
1017 1022 11
1007 1027 16
1013 1010 15
1024 1018 10
1048 1022 18
1021 1036 19
1100 1102 4
1133 1142 19
1139 1138 12
1111 1116 15
1131 1148 16
1137 1101 4
1143 1148 19
1115 1102 14
1108 1140 19
1127 1101 18
1148 1141 13
1100 1117 11
1132 1136 13
1133 1127 9
1138 1136 10
1102 1132 14
1130 1131 17
1142 1114 9
1102 1116 8
1107 1120 18
1108 1148 2
1140 1118 7
1122 1145 19
1143 1107 7
1247 1238 3
1222 1207 16
1225 1223 7
1216 1248 12
1232 1226 17
1222 1241 17
1221 1244 13
1226 1218 9
1224 1233 14
1245 1220 4
1234 1225 18
1249 1206 19
1240 1222 0
1218 1249 19
1203 1222 12
1216 1232 8
1200 1227 4
1201 1205 2
1229 1216 5
1234 1221 2
1240 1231 9
1216 1215 12
1213 1231 7
1246 1205 3
1233 1206 19
1225 1216 16
1227 1243 3
1208 1243 4
1225 1204 15
1207 1217 18
1236 1239 11
1234 1232 9
1212 1202 2
1205 1225 4
1209 1226 2
1212 1242 0
1211 1231 17
1200 1217 1
1223 1218 13
1211 1218 18
1208 1232 19
1210 1237 18
1239 1232 11
1247 1245 1
1231 1246 14
1242 1223 6
1231 1234 6
1208 1248 16
1225 1243 4
1209 1235 14
1219 1211 15
1244 1211 10
1228 1214 11
1233 1249 5
1237 1243 9
1240 1225 11
1204 1227 17
1241 1200 2
1217 1217 14
1202 1241 8
1203 1228 4
1222 1217 12
1203 1226 10
1202 1207 5
1223 1230 3
1216 1232 19
1246 1243 19
1217 1219 2
1230 1242 11
1309 1345 5
1334 1300 11
1315 1322 6
1347 1324 10
1348 1347 16
1337 1309 8
1338 1318 4
1344 1324 1
1302 1323 8
1331 1327 4
1334 1315 19
1326 1325 12
1332 1345 6
1306 1302 14
1323 1324 12
1345 1303 16
1329 1338 7
1301 1319 0
1315 1327 19
1328 1347 2
1318 1347 16
1341 1332 10
1344 1325 5
1341 1330 10
1317 1327 7
1345 1326 12
1326 1334 4
1320 1305 7
1330 1300 19
1309 1320 1
1338 1318 15
1348 1305 17
1342 1317 7
1326 1314 3
1324 1307 7
1309 1335 2
1342 1339 10
1336 1311 15
1328 1347 3
1318 1312 11
1320 1339 14
1312 1322 11
1330 1322 2
1325 1313 19
1342 1313 8
1335 1349 15
1326 1330 17
1347 1342 10
1346 1318 2
1345 1315 5
1323 1324 9
1312 1341 19
1300 1301 15
1324 1315 14
1345 1308 17
1325 1314 7
1348 1323 18
1332 1344 3
1319 1332 16
1349 1312 17
1305 1341 18
1329 1319 11
1311 1345 4
1307 1330 6
1345 1344 9
1312 1309 14
1306 1340 18
1316 1331 15
1300 1301 5
1320 1311 4
1341 1341 4
1306 1327 0
1303 1331 15
1335 1326 2
1331 1330 9
1319 1332 1
1325 1333 6
1321 1340 11
1334 1345 6
1323 1315 7
1324 1346 17
1329 1306 4
1341 1312 4
1303 1337 14
1343 1332 1
1336 1341 9
1310 1320 7
1300 1300 14
1318 1309 14
1339 1308 13
1302 1319 13
1314 1339 6
1317 1343 2
1348 1318 9
1321 1343 12
1349 1304 6
1325 1346 14
1418 1402 13
1422 1440 7
1420 1418 18
1447 1413 18
1439 1430 6
1438 1436 13
1439 1412 4
1422 1422 7
1423 1422 3
1414 1431 3
1434 1407 11
1449 1412 14
1426 1422 13
1420 1436 9
1400 1403 8
1411 1420 10
1411 1412 8
1406 1441 1
1410 1411 0
1429 1438 14
1446 1434 8
1413 1407 7
1417 1438 2
1418 1411 5
1415 1409 10
1408 1440 17
1419 1426 11
1445 1441 1
1408 1405 10
1403 1430 19
1438 1448 3
1420 1430 14
1427 1400 1
1403 1411 13
1434 1413 19
1424 1430 17
1442 1404 16
1406 1415 8
1409 1444 5
1419 1447 12
1445 1412 16
1442 1400 7
1411 1435 3
1406 1433 4
1422 1426 1
1423 1445 14
1423 1446 14
1447 1444 0
1409 1445 15
1406 1425 18
1412 1431 0
1405 1409 12
1507 1511 8
1506 1519 5
1510 1530 8
1536 1511 11
1540 1542 13
1507 1533 15
1505 1507 3
1525 1526 14
1517 1522 19
1535 1503 3
1520 1533 4
1508 1524 10
1545 1533 12
1506 1548 4
1535 1506 16
1502 1508 3
1523 1525 11
1506 1532 5
1529 1523 0
1511 1516 2
1541 1546 14
1534 1504 6
1541 1539 19
1520 1523 17
1540 1536 7
1534 1525 4
1511 1542 18
1537 1513 7
1515 1535 2
1500 1512 6
1533 1510 6
1507 1513 16
1515 1535 1
1532 1502 16
1532 1534 5
1543 1547 14
1510 1518 6
1520 1519 11
1549 1547 13
1519 1518 9
1537 1509 1
1508 1515 0
1545 1543 3
1533 1511 7
1545 1526 3
1525 1505 13
1529 1531 15
1544 1525 3
1522 1515 9
1540 1538 16
1529 1500 1
1515 1542 18
1530 1508 8
1513 1545 8
1526 1525 6
1549 1523 19
1532 1533 2
1532 1505 0
1604 1609 5
1604 1624 14
1606 1602 18
1614 1614 12
1629 1630 7
1617 1621 3
1635 1621 5
1601 1645 17
1632 1647 7
1619 1640 3
1628 1619 18
1611 1629 8
1609 1626 11
1605 1647 11
1635 1639 15
1648 1614 19
1636 1618 17
1618 1626 5
1618 1603 16
1626 1637 4
1618 1630 2
1606 1618 16
1600 1642 11
1645 1648 14
1601 1647 3
1623 1602 6
1645 1627 4
1638 1621 4
1609 1633 2
1609 1647 8
1640 1631 12
1647 1628 1
1616 1603 13
1646 1602 18
1638 1643 8
1632 1632 1
1637 1603 10
1620 1622 11
1637 1628 6
1630 1619 18
1640 1646 18
1615 1602 12
1617 1611 8
1630 1618 12
1629 1617 12
1607 1617 10
1620 1617 3
1644 1624 4
1636 1637 11
1628 1646 19
1608 1631 4
1644 1630 2
1607 1647 11
1619 1601 0
1620 1619 19
1602 1647 5
1633 1620 12
1649 1635 7
1600 1605 1
1638 1639 8
1612 1604 2
1643 1603 15
1606 1630 9
1619 1613 1
1606 1619 11
1617 1615 14
1611 1617 3
1607 1644 14
1631 1605 15
1611 1617 0
1648 1632 18
1634 1635 12
1648 1611 14
1632 1646 19
1636 1604 5
1612 1616 0
1610 1646 4
1618 1608 1
1622 1635 3
1630 1648 16
1625 1647 15
1631 1612 4
1622 1634 9
1618 1641 6
1631 1604 9
1632 1600 0
1616 1616 8
1648 1615 10
1618 1634 15
1642 1604 12
1611 1618 1
1604 1600 16
1631 1617 14
1629 1612 19
1632 1632 18
1733 1702 15
1748 1744 1
1738 1725 5
1739 1712 5
1714 1716 12
1702 1718 5
1731 1734 17
1726 1701 9
1715 1735 14
1732 1719 9
1742 1731 13
1747 1714 1
1720 1735 6
1706 1748 9
1734 1716 12
1746 1721 2
1705 1711 1
1733 1715 3
1730 1736 19
1742 1732 17
1707 1721 11
1702 1714 16
1716 1737 8
1700 1712 9
1732 1716 4
1731 1708 1
1700 1710 6
1715 1704 15
1706 1728 7
1748 1716 8
1722 1741 3
1721 1727 15
1715 1700 9
1743 1735 5
1744 1714 13
1743 1726 15
1717 1738 11
1714 1749 4
1738 1741 7
1741 1728 18
1704 1708 4
1748 1748 19
1706 1721 9
1713 1701 4
1734 1739 16
1735 1710 12
1722 1716 13
1704 1748 7
1713 1704 8
1749 1739 16
1737 1728 1
1707 1733 17
1746 1745 10
1737 1749 2
1736 1724 17
1709 1739 6
1731 1707 17
1720 1747 18
1728 1725 7
1749 1727 2
1721 1743 6
1743 1711 16
1720 1709 16
1706 1715 4
1744 1701 12
1719 1749 12
1721 1731 6
1833 1834 2
1848 1841 11
1821 1841 8
1833 1825 16
1839 1846 17
1847 1800 17
1846 1811 9
1849 1811 5
1846 1837 16
1815 1808 3
1828 1846 18
1841 1802 12
1802 1800 9
1838 1828 6
1802 1831 2
1817 1834 9
1813 1826 6
1827 1817 13
1801 1828 13
1838 1848 17
1844 1829 11
1816 1800 14
1800 1832 13
1835 1805 13
1843 1829 9
1847 1812 19
1835 1827 8
1800 1815 13
1808 1816 8
1849 1841 17
1836 1802 17
1827 1805 3
1827 1820 16
1814 1818 10
1806 1841 15
1815 1808 10
1823 1811 3
1810 1809 19
1838 1813 15
1846 1826 15
1811 1819 19
1813 1840 6
1844 1814 13
1827 1824 9
1805 1837 4
1828 1835 17
1819 1846 7
1832 1815 17
1824 1807 14
1823 1837 19
1804 1818 12
1808 1809 1
1826 1832 14
1838 1832 16
1833 1831 11
1829 1839 15
1844 1839 16
1913 1938 0
1944 1908 13
1939 1921 18
1935 1912 15
1936 1932 3
1910 1909 18
1911 1932 12
1904 1907 16
1940 1904 7
1931 1946 14
1916 1900 11
1901 1945 18
1938 1918 0
1947 1914 16
1904 1900 12
1941 1937 0
1938 1926 6
1905 1942 0
1936 1933 3
1900 1944 8
1903 1925 1
1937 1940 6
2014 2022 5
2007 2013 16
2031 2000 0
2018 2040 7
2027 2048 19
2028 2044 10
2033 2005 2
2028 2049 10
2007 2023 0
2011 2039 4
2035 2029 1
2049 2045 4
2026 2027 14
2111 2136 5
2118 2111 9
2120 2103 5
2102 2123 1
2128 2143 16
2119 2113 17
2125 2148 13
2114 2120 8
2128 2110 10
2115 2137 17
2101 2136 0
2100 2120 15
2139 2121 6
2110 2124 2
2100 2103 8
2135 2106 11
2149 2122 16
2145 2101 13
2129 2141 9
2123 2120 16
2144 2106 18
2110 2118 7
2112 2136 12
2101 2134 6
2121 2132 9
2102 2112 10
2129 2119 16
2123 2147 0
2131 2131 2
2135 2132 6
2105 2135 0
2103 2112 1
2117 2122 13
2125 2112 6
2137 2125 10
2121 2111 0
2120 2140 14
2129 2146 7
2109 2115 9
2122 2100 1
2117 2146 19
2129 2134 3
2105 2127 2
2122 2103 12
2129 2144 10
2109 2110 10
2147 2133 3
2149 2146 13
2138 2122 7
2139 2101 2
2116 2125 16
2133 2134 19
2106 2143 16
2132 2126 4
2123 2113 19
2103 2116 19
2133 2123 17
2132 2142 8
2135 2121 10
2122 2147 6
2147 2128 4
2140 2117 7
2133 2118 9
2126 2112 14
2127 2134 12
2127 2115 12
2134 2118 8
2107 2142 6
2112 2102 7
2113 2116 7
2122 2143 4
2138 2136 7
2106 2124 18
2127 2124 7
2143 2119 2
2109 2103 15
2120 2108 10
2137 2136 15
2149 2149 3
2142 2148 17
2130 2113 2
2114 2107 10
2101 2107 5
2136 2126 11
2142 2149 13
2141 2106 0
2140 2103 2
2126 2118 5
2137 2108 1
2139 2118 4
2103 2132 1
2149 2142 1
2230 2213 14
2231 2248 8
2225 2244 14
2246 2244 6
2223 2220 16
2229 2217 14
2208 2223 14
2230 2236 19
2227 2242 7
2205 2249 12
2243 2230 5
2221 2213 6
2226 2235 0
2241 2235 1
2200 2247 19
2236 2239 8
2225 2244 7
2222 2223 2
2219 2211 15
2232 2229 18
2217 2241 0
2249 2208 1
2240 2241 12
2236 2229 18
2205 2204 1
2229 2246 7
2212 2225 8
2229 2204 15
2248 2220 12
2219 2200 3
2236 2246 10
2214 2242 7
2203 2223 11
2248 2222 14
2231 2210 2
2208 2215 0
2220 2246 4
2212 2237 13
2220 2201 5
2230 2213 7
2200 2205 15
2208 2243 5
2242 2221 4
2247 2231 17
2213 2223 9
2218 2244 2
2211 2220 16
2224 2223 4
2213 2245 9
2208 2214 0
2216 2241 15
2225 2215 15
2219 2246 1
2202 2211 17
2247 2203 18
2226 2200 19
2211 2214 15
2210 2238 14
2202 2221 14
2202 2232 8
2224 2235 4
2244 2219 15
2241 2207 16
2242 2200 18
2209 2213 8
2247 2211 18
2215 2223 8
2249 2202 19
2209 2237 2
2238 2212 4
2202 2229 1
2228 2215 15
2232 2234 11
2209 2237 15
2320 2328 3
2318 2346 2
2310 2324 8
2340 2320 15
2334 2322 3
2344 2343 11
2320 2337 4
2337 2345 18
2321 2341 7
2309 2301 14
2335 2340 17
2321 2339 15
2317 2343 6
2309 2313 15
2314 2336 15
2302 2333 4
2341 2329 18
2332 2304 19
2314 2307 5
2331 2330 4
2303 2312 15
2325 2338 16
2307 2310 1
2333 2323 8
2348 2334 2
2340 2311 7
2317 2315 8
2348 2345 2
2341 2324 19
2327 2301 9
2326 2314 3
2335 2324 13
2330 2331 0
2323 2334 15
2333 2315 10
2349 2326 12
2435 2443 12
2422 2422 11
2449 2401 18
2432 2429 0
2431 2432 1
2445 2401 0
2429 2441 16
2407 2407 4
2416 2412 3
2431 2407 19
2435 2426 18
2438 2418 15
2443 2414 17
2402 2442 14
2432 2429 10
2431 2442 7
2435 2403 1
2447 2445 2
2426 2426 6
2423 2448 8
2441 2424 11
2414 2425 3
2442 2429 3
2419 2444 5
2446 2411 12
2423 2424 18
2428 2421 15
2443 2446 14
2409 2432 0
2412 2441 5
2410 2437 17
2416 2449 15
2401 2435 15
2439 2401 16
2411 2437 7
2432 2433 8
2405 2431 4
2404 2407 3
2430 2444 9
2442 2431 10
2406 2411 8
2402 2449 13
2421 2438 2
2445 2441 15
2404 2435 10
2402 2420 0
2409 2401 1
2428 2416 8
2437 2407 18
2431 2409 16
2405 2431 10
2440 2400 19
2437 2444 10
2407 2430 14
2434 2406 12
2407 2402 14
2421 2423 12
2435 2402 12
2414 2429 17
2411 2444 11
2503 2522 18
2519 2543 7
2527 2506 19
2505 2537 10
2548 2537 19
2547 2535 19
2509 2534 6
2503 2515 3
2528 2549 9
2546 2547 13
2543 2503 10
2501 2500 7
2542 2522 7
2539 2527 15
2515 2530 2
2546 2523 16
2539 2546 1
2547 2520 1
2514 2516 15
2530 2507 7
2520 2537 18
2545 2518 10
2513 2503 1
2525 2506 1
2541 2526 0
2512 2502 13
2534 2504 11
2506 2535 11
2546 2500 5
2500 2522 0
2601 2649 15
2641 2614 14
2642 2601 18
2609 2643 7
2644 2602 9
2606 2604 14
2605 2646 12
2633 2608 0
2610 2621 4
2607 2637 19
2638 2626 14
2627 2619 17
2628 2622 17
2634 2626 18
2617 2635 6
2647 2638 19
2624 2617 4
2615 2601 6
2614 2627 6
2645 2614 12
2634 2617 11
2629 2614 5
2642 2606 5
2611 2613 17
2626 2621 16
2633 2634 16
2604 2600 0
2616 2610 3
2630 2632 6
2605 2637 17
2633 2644 5
2617 2649 11
2617 2628 15
2617 2623 18
2625 2640 11
2600 2607 8
2614 2610 15
2605 2613 5
2629 2630 15
2641 2615 13
2640 2631 10
2621 2619 5
2603 2637 18
2614 2607 13
2622 2632 12
2619 2621 4
2638 2642 7
2644 2613 4
2603 2605 0
2645 2619 11
2622 2616 15
2621 2614 7
2624 2622 17
2636 2639 14
2622 2639 12
2638 2619 4
2624 2648 19
2607 2614 13
2609 2623 8
2641 2633 9
2615 2649 19
2610 2627 16
2630 2616 12
2645 2612 15
2603 2629 16
2619 2602 11
2645 2611 13
2629 2649 13
2637 2611 16
2620 2614 7
2620 2600 15
2607 2605 6
2744 2733 12
2745 2709 10
2737 2701 19
2703 2708 1
2714 2735 5
2701 2710 18
2724 2745 18
2714 2734 12
2712 2742 15
2704 2702 3
2700 2712 8
2722 2714 11
2707 2701 16
2746 2733 3
2716 2708 3
2731 2719 12
2735 2727 3
2747 2708 14
2727 2744 18
2748 2704 1
2731 2735 8
2708 2711 5
2741 2709 12
2713 2740 12
2706 2743 2
2728 2743 19
2729 2720 7
2706 2717 0
2741 2701 5
2727 2749 7
2735 2724 7
2707 2746 18
2742 2715 5
2710 2713 16
2715 2719 6
2723 2708 13
2722 2731 11
2721 2744 5
2710 2737 14
2731 2706 16
2705 2719 17
2845 2826 15
2815 2846 13
2800 2843 16
2839 2808 17
2847 2829 9
2834 2848 13
2816 2838 9
2837 2835 14
2938 2940 8
2933 2936 6
2922 2949 17
2948 2907 12
2918 2945 12
2908 2946 1
2929 2918 13
2900 2910 18
2937 2923 14
2908 2929 10
2916 2917 12
2914 2919 6
2928 2905 1
2935 2935 5
2944 2940 7
2932 2906 19
2934 2943 15
2900 2917 14
2923 2927 14
2915 2946 4
2938 2940 14
2943 2904 1
2927 2922 15
2941 2904 6
2921 2914 11
2920 2924 15
2946 2921 4
2903 2927 4
2947 2908 14
2925 2902 11
2940 2913 15
2934 2936 7
2939 2940 11
2940 2945 2
2937 2944 13
2916 2943 6
3004 3008 6
3015 3043 3
3026 3039 1
3014 3002 18
3011 3029 18
3003 3042 15
3046 3038 6
3011 3049 15
3006 3011 19
3036 3037 12
3020 3008 0
3010 3033 14
3042 3038 19
3023 3020 3
3038 3025 2
3004 3048 3
3021 3001 2
3040 3045 2
3041 3006 8
3012 3046 12
3016 3041 5
3000 3041 10
3004 3044 16
3029 3037 2
3037 3041 19
3036 3003 9
3043 3041 18
3004 3002 4
3015 3000 0
3021 3046 16
3019 3048 13
3039 3044 3
3009 3024 2
3017 3007 19
3025 3012 12
3043 3012 12
3032 3028 6
3046 3041 9
3036 3032 12
3023 3022 5
3045 3015 16
3010 3002 12
3045 3041 6
3042 3017 14
3049 3032 12
3014 3037 16
3035 3030 4
3028 3016 15
3011 3011 12
3037 3049 2
3027 3041 4
3033 3043 19
3039 3008 3
3034 3020 18
3011 3041 17
3044 3029 3
3018 3027 8
3041 3044 9
3023 3014 10
3008 3005 2
3027 3002 5
3049 3004 14
3025 3040 15
3021 3048 8
3012 3026 6
3032 3024 12
3019 3009 19
3012 3025 2
3049 3016 10
3004 3014 16
3007 3017 14
3039 3031 8
3007 3017 7
3029 3000 13
3040 3004 18
3037 3027 10
3033 3006 16
3119 3128 9
3127 3113 3
3145 3117 13
3111 3129 13
3135 3121 9
3144 3105 2
3102 3122 6
3109 3132 7
3129 3143 18
3125 3126 19
3144 3126 14
3100 3137 18
3128 3131 3
3146 3135 0
3131 3114 7
3134 3104 12
3103 3125 11
3115 3147 19
3114 3111 6
3119 3148 10
3137 3102 10
3114 3117 9
3111 3147 18
3120 3112 13
3141 3149 16
3119 3138 3
3119 3114 15
3122 3106 5
3123 3144 16
3232 3216 16
3216 3234 6
3227 3218 15
3211 3239 10
3205 3247 15
3237 3224 19
3225 3229 17
3245 3234 2
3241 3203 3
3231 3243 14
3334 3303 6
3323 3331 4
3339 3311 10
3333 3340 4
3305 3345 3
3324 3347 5
3325 3313 16
3339 3333 7
3320 3345 15
3344 3326 7
3336 3341 2
3325 3342 18
3304 3328 18
3318 3316 16
3309 3327 8
3304 3342 13
3315 3333 13
3306 3341 11
3311 3335 6
3326 3331 18
3325 3301 0
3337 3324 16
3331 3322 19
3348 3326 14
3345 3318 14
3348 3340 7
3315 3322 9
3403 3405 10
3423 3446 5
3424 3441 15
3403 3416 5
3438 3420 13
3427 3433 1
3421 3405 19
3446 3432 11
3416 3428 19
3423 3411 17
3404 3428 14
3433 3426 18
3443 3437 18
3432 3425 10
3432 3429 3
3531 3525 1
3528 3531 0
3545 3542 1
3500 3539 11
3544 3523 11
3537 3528 1
3511 3501 18
3510 3530 15
3532 3522 8
3516 3540 9
3530 3546 2
3525 3538 12
3545 3505 2
3518 3506 17
3523 3510 15
3513 3527 19
3509 3521 8
3527 3528 12
3530 3546 4
3548 3547 9
3508 3545 4
3541 3514 15
3513 3504 19
3526 3501 13
3538 3516 8
3533 3523 17
3508 3518 3
3526 3517 10
3527 3529 15
3528 3517 3
3509 3503 19
3524 3536 7
3507 3543 10
3527 3539 14
3521 3529 4
3504 3503 18
3542 3520 17
3543 3517 3
3537 3524 18
3545 3535 6
3535 3532 2
3504 3511 17
3530 3518 6
3539 3502 7
3541 3548 6
3540 3538 15
3530 3501 2
3506 3505 12
3512 3511 15
3503 3521 2
3523 3515 6
3546 3548 6
3529 3547 4
3508 3529 18
3500 3506 15
3538 3548 8
3512 3519 19
3527 3540 8
3536 3501 8
3535 3508 3
3514 3538 5
3514 3526 18
3534 3549 3
3508 3528 2
3514 3505 2
3529 3525 10
3519 3534 4
3545 3517 5
3530 3513 18
3547 3514 2
3502 3544 18
3521 3541 8
3506 3531 16
3526 3515 14
3541 3500 16
3532 3518 4
3502 3543 19
3523 3520 6
3509 3523 2
3533 3518 5
3505 3512 15
3502 3533 12
3547 3536 14
3545 3534 14
3520 3543 6
3547 3544 7
3532 3528 8
3525 3504 4
3528 3542 9
3536 3537 5
3548 3544 0
3505 3504 11
3519 3531 2
3543 3511 4
3545 3516 16
3604 3641 6
3644 3600 18
3613 3606 6
3618 3642 16
3631 3621 13
3616 3609 15
3614 3609 14
3646 3625 18
3627 3632 0
3628 3617 6
3602 3608 19
3628 3619 16
3645 3623 8
3620 3629 16
3643 3616 2
3641 3606 19
3648 3644 14
3622 3620 19
3627 3627 11
3635 3638 1
3630 3622 5
3632 3614 9
3612 3637 9
3622 3610 18
3618 3617 8
3623 3630 11
3616 3649 8
3645 3642 14
3619 3633 5
3605 3648 0
3619 3625 5
3634 3624 7
3610 3621 6
3604 3643 17
3625 3632 6
3604 3611 14
3621 3637 17
3606 3628 6
3606 3615 0
3610 3607 19
3611 3603 2
3610 3635 4
3620 3632 17
3648 3611 13
3606 3649 11
3611 3601 2
3606 3645 10
3638 3607 6
3629 3630 7
3648 3640 17
3608 3622 15
3626 3617 3
3607 3627 7
3627 3640 15
3609 3605 9
3604 3640 0
3600 3647 17
3607 3609 14
3648 3631 13
3624 3642 10
3649 3620 19
3627 3604 4
3638 3625 1
3628 3623 8
3602 3626 19
3633 3611 5
3639 3622 6
3626 3603 18
3604 3649 13
3747 3733 13
3708 3749 5
3722 3735 18
3732 3705 0
3717 3737 18
3722 3723 7
3702 3719 3
3724 3706 15
3733 3735 17
3707 3718 5
3741 3709 14
3721 3709 9
3739 3722 5
3739 3738 10
3748 3743 15
3728 3747 9
3742 3705 17
3738 3748 18
3710 3726 15
3731 3743 18
3709 3711 13
3738 3711 17
3805 3846 7
3833 3807 10
3849 3830 17
3823 3842 0
3842 3807 10
3837 3824 14
3805 3828 4
3806 3824 1
3801 3803 5
3839 3849 14
3810 3818 5
3825 3817 18
3843 3820 0
3805 3828 13
3815 3814 15
3821 3826 10
3812 3821 13
3813 3807 11
3827 3821 9
3816 3823 14
3805 3800 11
3833 3826 8
3842 3803 12
3827 3808 13
3810 3844 0
3814 3838 13
3841 3804 2
3837 3844 18
3803 3838 9
3840 3800 14
3820 3811 13
3806 3800 8
3848 3811 5
3810 3835 7
3833 3810 7
3831 3825 14
3815 3806 19
3843 3805 19
3818 3842 18
3845 3803 19
3815 3821 13
3813 3824 7
3807 3815 9
3832 3802 5
3830 3802 6
3849 3805 15
3800 3802 6
3836 3837 17
3832 3842 5
3828 3837 7
3819 3835 18
3810 3844 15
3809 3811 0
3847 3805 2
3820 3847 1
3842 3810 13
3803 3840 17
3833 3814 18
3800 3845 16
3824 3824 6
3800 3804 8
3808 3832 4
3811 3816 13
3947 3944 11
3937 3925 11
3940 3928 11
3932 3949 0
3903 3916 18
3912 3902 18
3913 3910 8
3930 3905 5
3943 3912 17
3940 3934 9
3908 3930 13
3916 3900 13
3901 3914 16
3929 3901 1
3935 3906 6
3926 3920 14
3915 3944 17
3924 3939 18
3921 3918 0
3949 3946 7
3916 3903 12
3927 3919 4
3946 3921 16
3922 3917 6
3911 3948 4
3916 3902 2
3949 3923 18
3900 3940 16
3949 3924 19
3903 3903 12
3917 3910 2
3905 3926 1
3919 3917 8
3923 3919 19
3939 3939 17
3944 3908 2
3914 3909 16
3919 3945 19
3931 3931 19
3949 3947 9
3900 3937 0
3949 3907 19
3900 3907 10
3936 3940 3
3908 3937 11
3935 3948 11
3939 3919 19
3928 3937 9
3917 3937 8
3946 3929 17
3912 3904 14
3923 3903 9
3932 3940 1
3933 3907 2
3918 3909 18
3942 3926 5
3910 3909 11
3900 3919 8
3943 3947 4
3926 3926 15
3911 3941 5
4018 4023 1
4025 4037 15
4022 4020 3
4040 4009 1
4013 4005 18
4045 4022 11
4034 4042 1
4017 4046 2
4043 4014 9
4017 4025 10
4045 4023 19
4027 4007 3
4004 4031 17
4029 4026 19
4048 4012 16
4038 4026 14
4035 4030 10
4001 4030 17
4038 4008 13
4037 4006 15
4039 4045 16
4013 4029 12
4004 4030 19
4033 4004 15
4031 4006 13
4045 4014 11
4020 4022 18
4026 4029 9
4000 4030 12
4022 4040 1
4015 4000 16
4048 4014 2
4046 4023 1
4036 4013 2
4020 4034 4
4037 4037 16
4039 4045 12
4044 4034 17
4035 4009 1
4003 4022 16
4040 4012 10
4031 4005 2
4011 4005 8
4000 4031 4
4033 4018 3
4006 4024 15
4010 4042 15
4048 4022 1
4012 4002 7
4006 4027 3
4021 4017 8
4036 4018 2
4030 4008 0
4031 4015 2
4036 4033 18
4031 4039 4
4003 4011 8
4024 4041 18
4049 4018 0
4000 4049 15
4037 4029 16
4038 4035 6
4036 4035 18
4025 4034 12
4027 4048 16
4003 4045 9
4007 4037 6
4039 4006 8
4010 4009 4
4022 4049 4
4016 4016 9
4049 4034 3
4041 4035 19
4010 4034 9
4001 4008 14
4004 4016 13
4009 4033 18
4001 4011 15
4006 4038 9
4005 4030 5
4039 4026 6
4017 4005 10
4001 4004 18
4043 4033 3
4044 4032 8
4021 4011 4
4009 4043 13
4005 4021 4
4033 4028 19
4034 4010 6
4031 4004 0
4040 4011 9
4035 4041 11
4037 4020 6
4048 4023 13
4146 4149 4
4115 4133 5
4143 4120 14
4105 4114 8
4112 4149 14
4148 4118 6
4133 4130 10
4138 4132 4
4134 4103 7
4128 4148 3
4105 4140 7
4118 4104 13
4104 4110 0
4109 4101 1
4105 4111 0
4141 4102 5
4111 4113 14
4128 4119 5
4105 4134 16
4130 4149 6
4142 4116 1
4143 4117 9
4136 4111 11
4125 4124 11
4103 4106 8
4127 4114 6
4128 4148 14
4144 4120 5
4130 4133 5
4102 4145 12
4134 4140 13
4149 4144 12
4147 4124 1
4107 4100 9
4139 4109 18
4110 4130 9
4115 4149 17
4130 4115 14
4129 4141 15
4103 4130 7
4101 4122 6
4136 4105 15
4148 4137 16
4116 4143 3
4114 4144 10
4202 4218 6
4228 4221 16
4240 4236 14
4203 4226 19
4214 4207 3
4222 4223 4
4248 4248 3
4240 4224 19
4209 4232 14
4220 4200 15
4236 4239 10
4244 4231 4
4243 4205 11
4248 4210 17
4221 4211 14
4241 4212 2
4235 4247 19
4202 4239 15
4248 4247 8
4247 4206 11
4240 4222 12
4237 4200 1
4211 4241 12
4242 4246 5
4219 4209 14
4206 4217 16
4206 4212 11
4205 4210 11
4204 4245 13
4218 4218 2
4239 4242 0
4215 4201 10
4202 4242 17
4205 4225 14
4230 4227 5
4335 4317 0
4317 4337 14
4334 4325 10
4300 4321 7
4334 4335 11
4324 4311 18
4344 4334 0
4341 4302 2
4323 4338 7
4328 4307 1
4307 4327 12
4320 4334 17
4307 4302 19
4302 4312 7
4334 4320 6
4305 4335 8
4315 4328 12
4302 4339 7
4325 4348 15
4323 4316 3
4337 4321 0
4340 4340 12
4307 4301 6
4313 4323 8
4305 4306 6
4312 4309 18
4349 4310 7
4318 4304 15
4324 4346 4
4323 4302 15
4343 4326 4
4337 4331 2
4324 4321 3
4344 4319 13
4349 4313 8
4333 4317 1
4326 4347 5
4329 4317 12
4341 4317 14
4336 4343 5
4310 4300 11
4321 4305 16
4321 4342 5
4310 4301 19
4323 4346 15
4310 4336 2
4340 4314 18
4308 4320 1
4324 4313 17
4308 4327 4
4304 4323 11
4307 4325 1
4320 4304 2
4301 4333 12
4346 4337 0
4349 4326 14
4332 4316 7
4343 4301 8
4319 4340 14
4327 4345 8
4322 4339 0
4322 4339 9
4321 4320 12
4308 4335 18
4318 4326 11
4318 4339 2
4329 4329 8
4303 4331 3
4349 4328 4
4345 4336 2
4339 4305 1
4324 4336 7
4349 4303 1
4306 4307 6
4318 4328 7
4322 4326 3
4332 4305 18
4336 4338 4
4326 4334 0
4347 4302 15
4337 4302 7
4339 4307 10
4325 4341 7
4324 4336 15
4335 4347 7
4336 4330 15
4416 4433 18
4412 4421 15
4446 4400 9
4419 4446 9
4413 4401 15
4427 4407 14
4424 4405 12
4419 4414 1
4406 4444 19
4431 4417 2
4405 4404 0
4449 4422 7
4426 4406 6
4409 4422 16
4443 4423 1
4419 4431 18
4442 4448 5
4435 4426 19
4444 4414 16
4449 4420 11
4429 4406 2
4436 4433 9
4547 4510 0
4517 4538 1
4527 4525 8
4509 4535 15
4526 4508 9
4520 4542 0
4530 4519 0
4540 4503 7
4512 4540 14
4511 4504 0
4547 4512 14
4544 4527 16
4544 4500 14
4534 4507 8
4545 4505 13
4519 4501 17
4523 4514 12
4533 4510 13
4529 4520 18
4534 4520 12
4548 4500 0
4549 4537 17
4541 4524 3
4501 4544 19
4535 4528 7
4542 4542 6
4538 4533 1
4530 4526 18
4506 4517 14
4539 4517 12
4534 4527 19
4506 4533 7
4537 4546 3
4516 4544 3
4547 4503 16
4538 4503 3
4543 4518 10
4507 4501 7
4532 4504 19
4546 4546 19
4542 4516 4
4540 4506 6
4505 4502 12
4501 4516 7
4522 4517 16
4536 4525 5
4523 4537 18
4520 4530 13
4531 4523 14
4506 4526 12
4543 4537 15
4511 4528 2
4506 4508 5
4504 4515 9
4510 4545 14
4506 4531 9
4516 4522 19
4541 4512 13
4543 4509 13
4538 4548 11
4535 4540 14
4521 4535 3
4510 4505 17
4529 4515 2
4534 4524 6
4548 4534 10
4548 4531 11
4533 4537 7
4514 4501 7
4533 4530 19
4501 4524 11
4515 4536 8
4506 4506 4
4542 4513 3
4525 4509 9
4537 4508 19
4506 4520 8
4517 4532 19
4547 4530 16
4511 4538 4
4516 4513 14
4537 4506 14
4507 4524 16
4520 4505 8
4512 4515 15
4608 4634 5
4622 4638 8
4616 4629 18
4643 4631 6
4643 4612 17
4731 4712 8
4721 4717 13
4749 4711 19
4728 4731 19
4720 4738 7
4706 4714 19
4712 4740 15
4738 4721 1
4709 4739 1
4711 4717 2
4725 4742 2
4730 4712 6
4748 4716 0
4700 4732 8
4740 4738 7
4729 4700 13
4807 4804 1
4836 4821 7
4810 4824 12
4846 4806 7
4827 4816 17
4837 4839 16
4832 4809 13
4822 4807 16
4835 4848 9
4834 4802 2
4800 4806 6
4946 4901 4
4925 4917 10
4939 4905 17
4927 4948 5
4900 4936 8
4923 4941 11
4930 4913 9
4919 4935 5
4942 4943 6
4943 4943 15
4947 4939 13
4919 4944 19
4912 4905 11
5043 5041 2
5045 5040 17
5026 5045 7
5038 5007 2
5005 5037 18
5014 5032 6
5004 5011 7
5011 5025 3
5040 5044 1
5041 5032 13
5015 5002 7
5043 5016 9
5033 5049 6
5015 5024 12
5032 5044 14
5030 5001 16
5024 5011 5
5006 5008 6
5040 5006 11
5011 5014 7
5033 5041 16
5001 5013 6
5038 5046 3
5039 5037 1
5014 5036 6
5046 5028 19
5047 5021 3
5042 5024 0
5003 5002 11
5003 5011 16
5037 5026 0
5030 5005 14
5038 5018 7
5042 5007 2
5017 5048 12
5043 5032 8
5022 5033 13
5037 5047 4
5038 5042 10
5036 5024 1
5044 5043 0
5028 5004 5
5019 5048 0
5048 5005 16
5106 5146 4
5130 5126 16
5104 5124 11
5114 5127 19
5116 5127 18
5114 5129 2
5129 5108 4
5148 5104 18
5141 5135 18
5107 5139 0
5114 5112 12
5101 5113 12
5106 5136 0
5111 5148 9
5122 5128 2
5144 5105 7
5143 5120 18
5143 5129 2
5102 5146 0
5106 5127 8
5145 5113 4
5101 5109 7
5121 5130 7
5146 5136 12
5205 5211 5
5248 5215 9
5211 5217 2
5222 5202 5
5223 5231 6
5207 5209 17
5229 5214 0
5245 5209 10
5213 5228 10
5200 5230 7
5248 5242 7
5221 5238 8
5233 5243 15
5243 5214 8
5244 5204 16
5218 5225 19
5202 5202 6
5205 5217 10
5203 5236 15
5221 5219 15
5248 5200 8
5247 5228 19
5248 5210 4
5209 5203 3
5236 5206 3
5238 5216 0
5210 5224 5
5239 5212 12
5217 5200 2
5224 5205 5
5243 5245 12
5242 5224 17
5247 5220 5
5233 5234 12
5241 5233 17
5249 5217 15
5223 5225 11
5202 5207 3
5210 5200 5
5219 5237 10
5206 5220 11
5224 5223 10
5232 5230 5
5214 5246 9
5217 5203 8
5241 5239 15
5233 5206 15
5241 5240 1
5235 5213 17
5248 5208 13
5210 5241 3
5230 5237 11
5223 5212 19
5231 5246 3
5223 5238 0
5223 5230 4
5225 5206 3
5215 5248 10
5238 5206 3
5206 5202 17
5323 5328 4
5316 5344 5
5308 5349 18
5329 5316 0
5317 5329 6
5332 5342 19
5320 5344 15
5322 5315 7
5347 5330 1
5304 5309 18
5331 5300 9
5330 5301 12
5326 5314 5
5309 5320 0
5306 5317 14
5318 5335 12
5318 5338 3
5313 5334 17
5329 5300 11
5337 5307 5
5317 5326 18
5334 5329 9
5326 5307 8
5319 5312 15
5336 5303 6
5315 5321 12
5346 5344 11
5333 5320 2
5347 5332 16
5345 5313 13
5308 5304 5
5349 5313 5
5334 5323 15
5325 5320 4
5324 5304 9
5341 5306 6
5313 5319 0
5300 5318 2
5310 5331 11
5320 5309 17
5300 5319 9
5327 5340 9
5342 5337 15
5314 5319 14
5348 5308 3
5331 5319 10
5309 5302 2
5325 5306 18
5323 5309 15
5339 5336 2
5320 5309 18
5438 5441 4
5430 5407 8
5416 5412 1
5415 5442 11
5406 5435 18
5400 5427 0
5415 5447 7
5412 5427 19
5441 5408 11
5439 5448 16
5508 5508 4
5529 5532 1
5518 5536 12
5539 5543 15
5510 5540 16
5500 5521 13
5517 5509 13
5520 5530 2
5544 5507 13
5536 5506 11
5549 5520 4
5514 5523 13
5544 5521 18
5500 5507 17
5542 5525 8
5526 5514 2
5500 5546 3
5513 5535 9
5547 5545 9
5504 5539 12
5543 5504 8
5510 5507 8
5545 5502 3
5523 5503 17
5539 5547 3
5517 5521 19
5507 5532 3
5537 5522 11
5548 5521 9
5514 5503 9
5539 5514 13
5545 5548 7
5507 5503 17
5539 5537 4
5542 5512 8
5509 5528 3
5524 5504 9
5504 5514 17
5501 5514 3
5544 5520 15
5523 5507 19
5506 5541 10
5520 5537 19
5536 5532 0
5542 5533 8
5517 5513 0
5518 5524 10
5524 5524 13
5504 5505 19
5509 5501 8
5536 5521 18
5533 5526 15
5642 5626 15
5602 5637 7
5636 5639 16
5638 5615 6
5638 5612 7
5643 5640 0
5617 5603 0
5616 5636 11
5627 5621 2
5630 5608 12
5610 5617 19
5636 5606 14
5624 5618 18
5641 5643 19
5622 5612 4
5635 5633 16
5638 5607 2
5636 5614 13
5626 5619 7
5641 5613 19
5601 5621 17
5638 5625 6
5621 5620 14
5619 5600 7
5645 5634 4
5620 5616 1
5639 5637 14
5637 5644 7
5638 5616 19
5605 5641 18
5647 5619 7
5604 5641 15
5603 5629 19
5648 5614 0
5628 5649 13
5634 5608 15
5602 5641 17
5621 5622 4
5600 5612 12
5638 5601 0
5633 5616 0
5616 5647 6
5644 5618 3
5637 5631 19
5600 5626 15
5626 5622 17
5613 5647 19
5630 5614 8
5629 5638 5
5640 5602 2
5603 5640 10
5718 5711 10
5739 5711 12
5724 5721 19
5715 5740 17
5729 5709 10
5700 5711 11
5725 5706 11
5701 5732 5
5740 5724 10
5703 5738 14
5720 5742 17
5726 5739 2
5733 5735 6
5744 5701 5
5745 5748 15
5726 5721 2
5710 5715 0
5747 5731 6
5732 5706 3
5704 5738 2
5712 5723 0
5747 5710 8
5723 5705 6
5709 5743 12
5711 5727 11
5706 5726 1
5711 5747 8
5741 5721 14
5721 5725 7
5725 5728 16
5703 5717 0
5710 5737 14
5739 5723 0
5729 5714 15
5700 5722 7
5705 5736 17
5739 5746 10
5748 5716 16
5715 5749 11
5711 5746 16
5707 5725 4
5749 5708 13
5705 5720 7
5732 5708 3
5726 5739 8
5740 5724 18
5706 5723 15
5747 5717 12
5732 5740 6
5842 5815 10
5833 5801 3
5823 5808 1
5832 5835 7
5832 5839 11
5804 5815 11
5832 5819 19
5843 5840 14
5842 5845 14
5809 5835 11
5825 5813 11
5836 5836 14
5826 5832 1
5818 5803 1
5803 5828 19
5836 5814 15
5815 5824 18
5809 5847 8
5802 5800 7
5844 5833 8
5835 5816 7
5809 5841 7
5915 5922 9
5921 5900 4
5924 5915 4
5901 5922 5
5902 5916 19
5932 5946 3
5939 5905 2
5909 5901 10
5923 5909 4
5948 5913 14
5918 5902 16
5948 5921 10
5949 5949 11
5918 5921 0
5934 5939 17
5931 5901 2
5946 5911 16
5943 5933 2
5942 5930 6
5913 5930 12
5944 5908 18
5923 5946 14
5926 5922 5
5942 5946 1
5922 5910 15
5931 5918 11
5939 5901 1
5937 5922 5
5910 5942 10
5942 5916 10
5914 5934 11
5910 5941 5
5917 5907 18
5925 5900 16
5929 5924 7
5917 5943 12
5933 5937 8
5927 5931 1
5915 5934 13
5914 5931 17
5938 5917 0
5904 5931 12
5931 5932 17
5913 5942 1
5927 5901 18
5911 5911 14
5944 5943 1
5925 5930 2
5923 5929 0
5903 5921 16
5916 5901 19
5904 5934 12
5910 5930 10
5927 5915 5
6048 6011 6
6028 6020 4
6028 6008 6
6022 6021 8
6015 6025 14
6012 6015 6
6017 6017 6
6005 6034 18
6027 6000 6
6042 6038 1
6023 6046 3
6010 6006 8
6035 6018 7
6042 6015 13
6004 6039 7
6006 6048 10
6013 6012 1
6048 6015 8
6049 6043 16
6018 6030 6
6033 6034 9
6010 6028 16
6047 6047 11
6048 6019 16
6003 6017 19
6037 6046 19
6002 6024 6
6118 6124 3
6114 6124 3
6146 6113 15
6109 6110 12
6134 6102 4
6103 6140 12
6113 6111 0
6103 6101 6
6133 6141 18
6119 6127 10
6100 6138 5
6142 6137 5
6136 6106 16
6223 6249 10
6223 6244 15
6217 6240 11
6225 6225 10
6205 6213 2
6213 6245 12
6239 6218 3
6215 6209 8
6235 6211 18
6218 6202 6
6206 6221 16
6230 6225 7
6213 6215 3
6223 6236 13
6241 6231 12
6214 6245 0
6223 6211 1
6213 6215 11
6216 6225 17
6211 6246 6
6219 6234 0
6237 6219 9
6203 6227 18
6219 6226 15
6211 6205 4
6230 6207 8
6213 6230 1
6230 6216 15
6243 6216 9
6212 6210 13
6214 6242 0
6201 6235 18
6208 6238 17
6203 6217 18
6238 6249 17
6205 6237 3
6213 6224 9
6236 6235 7
6308 6307 18
6318 6338 12
6334 6341 6
6301 6315 5
6313 6323 16
6343 6344 15
6326 6334 3
6346 6301 8
6332 6344 6
6307 6325 12
6326 6302 0
6338 6306 2
6344 6314 19
6312 6301 11
6306 6339 14
6301 6307 14
6306 6300 6
6327 6337 2
6327 6348 17
6319 6320 7
6313 6332 5
6302 6311 5
6315 6318 7
6310 6322 8
6303 6305 4
6329 6322 19
6421 6411 3
6435 6437 6
6438 6408 12
6447 6421 15
6413 6449 3
6434 6418 6
6443 6423 19
6418 6439 17
6405 6437 19
6411 6408 8
6443 6423 1
6431 6417 8
6427 6439 15
6430 6442 4
6404 6431 16
6444 6415 15
6429 6435 1
6437 6421 15
6446 6403 18
6440 6419 11
6440 6418 2
6435 6443 18
6434 6433 12
6405 6403 2
6423 6426 15
6447 6443 1
6439 6433 18
6426 6418 12
6400 6420 11
6400 6421 3
6439 6437 3
6440 6424 16
6429 6401 8
6411 6442 10
6446 6416 9
6433 6432 7
6423 6401 1
6402 6448 4
6405 6433 17
6431 6437 7
6420 6412 4
6436 6439 11
6418 6441 3
6430 6417 6
6449 6442 15
6414 6424 10
6401 6419 7
6409 6426 13
6442 6411 6
6417 6431 16
6408 6403 9
6401 6406 14
6413 6421 2
6407 6426 2
6422 6443 8
6418 6433 10
6421 6412 13
6422 6449 17
6434 6448 8
6439 6401 13
6448 6445 5
6530 6539 9
6524 6541 6
6514 6532 19
6510 6532 10
6523 6527 17
6500 6513 4
6543 6545 8
6512 6536 1
6543 6531 14
6517 6518 5
6510 6504 1
6543 6512 11
6542 6535 17
6539 6511 4
6537 6543 2
6500 6501 5
6512 6500 1
6533 6529 18
6533 6519 17
6511 6548 1
6537 6529 16
6530 6546 4
6547 6548 6
6532 6516 11
6535 6542 9
6543 6512 12
6523 6537 9
6515 6544 2
6529 6537 11
6548 6530 17
6504 6528 12
6537 6540 1
6510 6513 6
6501 6525 13
6542 6511 15
6547 6528 14
6518 6519 10
6536 6504 3
6503 6548 3
6505 6514 18
6524 6508 17
6536 6548 16
6528 6532 6
6511 6521 8
6527 6525 0
6537 6534 11
6544 6538 5
6532 6508 4
6501 6549 14
6510 6539 2
6506 6539 9
6539 6513 19
6536 6547 10
6514 6545 8
6538 6544 9
6519 6543 5
6535 6509 17
6517 6541 11
6529 6520 18
6530 6507 6
6547 6537 7
6534 6529 18
6503 6517 12
6504 6547 19
6525 6534 0
6534 6543 3
6511 6527 9
6528 6517 4
6511 6538 11
6509 6530 15
6507 6502 13
6548 6546 6
6506 6543 13
6520 6520 0
6507 6514 12
6522 6520 12
6544 6549 14
6522 6514 15
6505 6547 12
6546 6528 14
6519 6525 3
6515 6505 11
6529 6529 17
6548 6533 19
6511 6520 5
6530 6524 1
6549 6547 16
6532 6505 17
6536 6520 6
6528 6546 7
6549 6505 2
6519 6516 19
6504 6541 11
6541 6511 1
6608 6625 11
6637 6615 13
6613 6605 1
6643 6626 18
6611 6608 0
6605 6637 19
6630 6624 14
6623 6622 9
6649 6645 5
6603 6639 9
6627 6631 0
6614 6614 16
6636 6646 12
6623 6623 18
6642 6642 1
6610 6618 3
6620 6648 12
6631 6612 8
6640 6607 12
6605 6605 5
6630 6605 2
6731 6740 12
6744 6714 15
6748 6701 8
6742 6700 11
6708 6722 3
6728 6700 18
6738 6728 6
6743 6715 6
6710 6740 7
6708 6702 7
6738 6706 19
6743 6724 9
6735 6731 14
6725 6713 9
6700 6705 13
6743 6723 10
6716 6716 10
6716 6749 13
6717 6708 17
6720 6748 4
6727 6748 16
6733 6710 11
6726 6709 5
6717 6730 12
6710 6714 6
6747 6737 18
6702 6723 3
6709 6702 2
6709 6715 7
6709 6717 1
6725 6742 17
6733 6719 8
6707 6748 12
6748 6738 4
6743 6742 13
6725 6749 10
6701 6741 4
6729 6730 8
6701 6708 10
6708 6719 17
6720 6720 12
6727 6742 6
6720 6718 0
6747 6713 6
6714 6728 16
6723 6729 4
6729 6727 14
6721 6728 7
6729 6708 8
6720 6736 10
6715 6734 17
6711 6700 15
6743 6713 9
6745 6748 6
6742 6719 12
6836 6813 14
6849 6804 2
6813 6824 6
6837 6814 11
6809 6801 8
6842 6844 5
6827 6818 6
6821 6848 9
6820 6804 19
6803 6843 6
6803 6845 16
6803 6807 13
6828 6815 12
6812 6819 14
6840 6803 3
6803 6825 5
6824 6836 11
6806 6840 13
6831 6839 2
6835 6838 6
6814 6847 16
6849 6827 18
6804 6810 1
6836 6825 4
6816 6826 1
6815 6841 1
6847 6809 17
6809 6813 9
6803 6805 9
6819 6833 2
6839 6825 17
6803 6806 4
6805 6805 4
6811 6834 4
6840 6821 7
6924 6931 3
6936 6919 2
6922 6903 18
6944 6915 5
6903 6924 13
7008 7006 15
7048 7041 7
7024 7009 18
7029 7005 14
7031 7025 0
7018 7033 2
7047 7040 7
7020 7049 12
7045 7006 17
7042 7027 2
7027 7040 11
7049 7005 15
7035 7029 15
7024 7007 13
7013 7034 19
7039 7001 10
7027 7045 17
7034 7044 12
7027 7028 12
7039 7042 11
7049 7024 3
7013 7014 19
7006 7046 10
7032 7046 19
7028 7031 2
7016 7005 11
7038 7044 3
7005 7010 0
7037 7038 10
7006 7030 4
7029 7028 0
7001 7010 15
7024 7021 9
7031 7043 5
7006 7005 18
7025 7000 12
7042 7006 6
7028 7036 18
7019 7005 13
7026 7003 6
7028 7034 17
7048 7047 10
7027 7023 19
7028 7003 5
7031 7042 16
7023 7005 14
7024 7019 14
7021 7025 8
7008 7014 16
7007 7029 4
7010 7005 7
7011 7010 18
7044 7031 11
7033 7005 15
7024 7036 10
7001 7019 9
7040 7003 18
