4615
112 118 10
138 111 17
128 142 16
126 108 12
114 131 19
143 122 12
109 109 0
128 124 12
109 113 17
134 136 15
130 140 16
139 130 5
138 142 13
147 126 6
104 124 16
118 110 14
128 130 8
118 121 2
137 149 1
116 111 15
122 140 14
143 140 12
122 119 17
115 114 19
111 118 0
111 134 6
100 129 19
144 114 4
130 122 9
115 115 13
119 119 15
145 147 19
133 134 13
149 116 18
130 129 6
116 141 3
140 105 16
141 108 12
102 116 6
115 100 10
103 140 17
135 146 18
101 117 16
136 108 15
141 101 1
146 144 8
138 120 7
108 141 14
149 100 9
136 125 1
131 121 5
103 138 19
143 119 13
116 125 10
110 108 9
137 134 16
148 105 9
117 107 13
111 109 11
117 134 2
116 137 12
124 109 14
129 115 8
120 110 9
139 121 1
116 146 0
110 130 0
148 141 15
100 147 2
138 114 11
133 105 18
133 124 0
124 127 14
137 100 5
112 148 8
113 105 12
131 114 13
138 121 2
129 118 4
227 231 1
200 210 6
232 223 9
244 244 19
215 245 19
219 219 19
233 229 4
228 234 15
202 237 14
237 208 12
236 219 11
223 217 14
221 211 16
237 227 7
207 222 6
237 206 6
242 236 4
242 243 9
211 232 2
241 224 4
237 218 17
223 205 16
242 226 13
225 227 18
221 242 6
211 242 11
212 246 17
210 207 18
222 220 5
210 228 13
208 223 15
206 213 10
207 247 5
235 236 15
210 226 0
208 236 12
234 201 10
225 217 13
229 224 17
202 223 7
230 202 19
242 224 18
201 226 0
201 201 15
213 224 7
227 207 17
229 242 13
243 222 9
218 208 1
210 208 12
201 238 13
219 227 4
228 248 4
201 222 12
242 201 2
200 231 4
200 215 9
245 206 3
206 248 10
200 234 13
227 217 0
211 201 4
216 224 1
202 222 0
208 219 17
229 218 6
208 243 3
340 337 15
309 349 10
310 331 2
338 337 7
310 322 7
322 345 17
329 337 0
344 308 6
310 335 18
349 334 14
316 345 8
333 310 11
309 315 12
339 312 19
309 326 6
323 334 16
308 312 7
349 345 15
314 346 4
344 301 2
310 346 19
307 315 14
340 314 7
309 324 15
312 328 4
309 304 7
339 331 12
337 301 1
337 346 2
333 310 9
337 343 17
347 321 4
312 342 9
333 324 13
304 314 11
320 312 6
337 344 6
305 317 18
348 302 0
328 321 9
336 307 16
320 339 13
329 322 8
412 446 9
429 411 9
443 416 19
401 447 6
445 422 16
429 409 10
429 412 9
415 414 15
537 521 19
529 548 16
521 546 12
549 536 18
537 540 15
516 540 2
507 510 4
504 533 10
514 533 19
538 508 8
541 517 13
503 546 7
539 526 19
517 545 8
514 520 13
531 518 1
517 510 0
500 542 12
536 521 15
545 511 6
524 524 13
527 515 16
527 545 8
518 528 11
502 525 11
627 616 0
637 617 14
621 603 14
626 608 11
636 611 5
606 631 14
608 642 16
605 606 15
604 618 0
649 645 1
631 609 3
649 621 6
612 614 11
617 619 7
604 602 17
647 603 11
607 613 10
613 613 9
600 615 1
619 609 5
633 624 4
620 632 8
637 611 1
625 646 12
604 605 2
631 630 8
644 603 8
628 618 13
603 649 10
638 632 19
614 603 18
637 649 2
622 632 15
625 601 14
630 629 17
623 642 19
605 627 12
642 604 2
623 601 2
732 723 7
733 706 16
714 711 14
735 706 17
734 742 8
726 746 3
732 719 12
734 728 11
744 700 15
706 709 16
745 700 7
742 707 10
731 728 1
731 711 6
701 707 18
712 727 18
731 745 15
701 704 7
730 733 3
736 715 2
728 744 10
743 706 4
739 707 13
720 704 9
735 718 6
732 745 0
725 747 6
726 720 5
829 847 8
823 833 3
843 833 13
831 847 6
823 803 4
839 836 6
813 827 13
830 830 17
820 833 1
829 822 8
802 835 12
842 804 18
837 819 6
809 829 5
816 809 17
825 816 3
830 848 5
806 829 3
820 822 14
844 847 16
846 816 17
829 800 19
830 808 16
826 820 18
826 830 13
826 825 0
818 826 15
803 848 17
818 827 12
849 815 15
806 845 19
834 826 10
819 836 9
838 835 2
802 821 4
819 848 14
809 841 5
812 840 4
834 845 19
927 927 14
925 926 13
902 939 17
930 940 13
927 925 11
918 939 16
949 948 8
930 900 3
921 934 17
912 913 11
916 943 12
916 947 18
909 937 0
903 943 3
935 940 1
922 942 9
926 918 1
915 909 6
944 940 13
904 938 14
907 918 3
946 905 0
927 939 17
942 930 18
901 921 17
927 910 12
909 920 1
917 921 19
937 919 13
930 925 2
928 936 1
933 902 5
909 929 3
903 929 19
907 933 13
940 913 15
902 913 0
906 948 11
935 942 1
924 911 4
916 909 15
922 921 7
900 912 8
941 931 9
935 903 15
916 934 3
910 929 18
900 940 13
913 927 15
934 905 7
929 924 16
1030 1048 7
1014 1035 9
1017 1011 13
1039 1032 7
1010 1027 5
1006 1002 15
1016 1037 6
1005 1005 3
1031 1023 17
1019 1037 19
1039 1005 17
1004 1005 2
1033 1027 10
1025 1004 1
1047 1045 1
1044 1024 18
1042 1038 18
1011 1027 7
1027 1039 17
1019 1008 12
1030 1040 4
1018 1043 9
1031 1035 5
1029 1029 8
1023 1027 14
1036 1012 16
1006 1009 16
1040 1005 12
1025 1036 3
1011 1046 15
1006 1036 0
1024 1013 6
1049 1002 18
1001 1001 11
1008 1015 6
1046 1033 19
1049 1032 17
1002 1030 12
1048 1013 7
1018 1013 2
1027 1006 1
1003 1010 7
1035 1047 4
1014 1026 12
1000 1010 0
1007 1037 9
1035 1032 15
1011 1041 0
1014 1034 11
1036 1048 6
1010 1045 13
1016 1006 11
1036 1036 3
1048 1005 9
1028 1016 10
1035 1036 1
1035 1036 4
1041 1011 12
1033 1026 8
1020 1043 10
1001 1023 15
1042 1012 1
1011 1005 10
1038 1008 13
1028 1008 12
1003 1033 11
1034 1021 14
1013 1037 10
1033 1024 1
1045 1015 4
1039 1027 19
1029 1019 14
1018 1006 2
1027 1030 7
1016 1029 16
1012 1008 12
1043 1047 19
1023 1045 13
1025 1047 2
1039 1021 2
1047 1023 12
1029 1029 11
1031 1015 11
1040 1029 12
1038 1000 14
1032 1026 14
1028 1049 15
1129 1147 3
1145 1138 9
1138 1132 4
1118 1140 19
1123 1132 12
1101 1106 11
1112 1106 17
1145 1130 10
1101 1132 17
1126 1123 15
1126 1105 0
1134 1135 2
1101 1124 9
1101 1106 12
1145 1114 0
1107 1132 15
1102 1119 16
1146 1131 5
1142 1134 16
1104 1143 0
1140 1136 14
1127 1110 2
1147 1129 6
1129 1143 6
1115 1147 15
1117 1145 1
1115 1143 8
1111 1148 1
1127 1138 18
1108 1116 0
1101 1118 19
1127 1121 16
1110 1115 0
1125 1107 2
1123 1147 0
1123 1127 0
1136 1116 10
1121 1129 8
1106 1122 1
1110 1132 12
1125 1103 5
1116 1115 13
1124 1123 1
1141 1108 16
1128 1104 12
1148 1114 7
1145 1121 16
1202 1203 9
1209 1205 16
1243 1224 13
1211 1245 14
1210 1243 0
1234 1211 13
1214 1212 1
1221 1229 6
1213 1219 3
1203 1234 14
1208 1214 3
1227 1248 10
1201 1213 14
1229 1217 9
1208 1234 2
1204 1220 12
1231 1240 5
1215 1218 5
1236 1232 17
1236 1239 18
1231 1220 1
1206 1242 5
1209 1212 18
1235 1211 10
1224 1239 17
1230 1233 17
1211 1241 13
1211 1209 9
1220 1249 1
1223 1249 3
1241 1244 1
1203 1220 11
1247 1205 5
1238 1223 19
1335 1339 16
1310 1342 19
1318 1346 15
1324 1306 5
1312 1301 15
1329 1327 10
1327 1310 0
1318 1329 17
1327 1316 1
1318 1330 6
1327 1320 19
1316 1336 14
1327 1345 14
1347 1300 6
1301 1301 4
1318 1344 5
1311 1310 7
1326 1344 13
1302 1310 10
1315 1334 4
1349 1340 17
1315 1333 13
1305 1325 6
1332 1330 17
1311 1344 8
1340 1315 16
1313 1316 14
1342 1341 0
1338 1323 6
1306 1304 13
1301 1346 11
1310 1334 6
1331 1347 9
1445 1447 19
1422 1439 1
1521 1518 18
1529 1516 13
1526 1547 8
1533 1501 18
1521 1534 6
1507 1510 16
1543 1525 7
1520 1524 15
1535 1508 11
1527 1531 0
1502 1536 12
1522 1535 9
1537 1514 13
1532 1512 4
1511 1522 7
1535 1508 16
1540 1540 13
1541 1510 3
1513 1540 13
1517 1544 10
1533 1517 4
1512 1546 14
1516 1549 10
1523 1515 13
1530 1523 5
1535 1547 0
1538 1547 7
1503 1521 16
1504 1530 8
1546 1533 8
1505 1520 14
1541 1543 1
1532 1504 1
1517 1540 18
1508 1505 9
1549 1522 9
1515 1534 0
1545 1543 10
1542 1510 11
1528 1536 14
1542 1525 15
1518 1534 0
1544 1502 6
1502 1537 6
1519 1506 16
1533 1524 18
1521 1541 19
1539 1501 10
1530 1517 11
1506 1506 9
1531 1522 9
1530 1505 7
1523 1526 8
1507 1536 9
1533 1509 1
1504 1526 2
1549 1526 5
1500 1500 7
1537 1509 6
1541 1530 1
1530 1513 11
1511 1527 10
1549 1524 5
1526 1510 6
1514 1515 18
1549 1520 15
1611 1616 13
1649 1630 9
1649 1624 19
1600 1639 19
1623 1604 16
1615 1611 2
1611 1607 4
1634 1635 0
1626 1616 4
1637 1601 13
1612 1618 19
1630 1635 8
1642 1649 10
1631 1616 3
1615 1629 13
1646 1611 13
1620 1616 12
1603 1601 2
1607 1602 2
1608 1638 2
1600 1641 1
1602 1648 17
1626 1639 11
1608 1608 8
1648 1601 0
1636 1633 11
1646 1636 14
1628 1604 5
1639 1625 3
1640 1600 11
1638 1600 14
1646 1604 9
1609 1615 13
1642 1643 5
1632 1632 3
1645 1612 3
1602 1606 4
1602 1626 9
1646 1609 7
1608 1622 10
1639 1632 12
1649 1600 1
1608 1641 18
1619 1617 3
1630 1643 15
1612 1605 6
1633 1613 2
1645 1625 10
1618 1629 1
1611 1613 17
1624 1631 11
1603 1607 15
1634 1602 13
1622 1627 4
1624 1626 8
1616 1635 14
1646 1616 0
1633 1642 7
1630 1649 1
1609 1646 16
1633 1617 0
1628 1640 8
1602 1600 9
1627 1608 15
1643 1614 1
1616 1622 17
1611 1636 6
1639 1614 19
1616 1612 12
1606 1636 12
1641 1620 1
1643 1627 12
1646 1601 2
1625 1620 1
1645 1600 11
1606 1623 7
1635 1617 8
1624 1645 17
1647 1602 7
1622 1614 4
1615 1641 7
1632 1637 11
1604 1623 10
1648 1626 13
1608 1649 7
1640 1637 1
1601 1637 17
1619 1619 8
1634 1648 1
1636 1630 0
1710 1714 12
1701 1746 11
1732 1714 17
1717 1746 14
1705 1749 15
1718 1723 7
1739 1727 5
1723 1749 10
1704 1720 4
1734 1735 13
1744 1747 19
1729 1705 0
1712 1712 12
1732 1745 9
1724 1726 9
1745 1726 14
1743 1708 15
1737 1705 2
1747 1731 5
1735 1746 16
1847 1841 6
1845 1849 16
1839 1836 10
1807 1820 1
1842 1808 12
1816 1845 9
1802 1818 11
1847 1835 5
1825 1848 13
1825 1801 11
1811 1823 16
1831 1831 10
1812 1801 5
1801 1828 8
1827 1845 4
1817 1830 12
1805 1842 5
1803 1812 6
1816 1802 4
1802 1806 19
1811 1837 12
1800 1806 18
1808 1840 9
1831 1812 15
1844 1803 14
1800 1817 17
1841 1811 9
1818 1810 3
1815 1840 1
1834 1802 19
1826 1802 18
1845 1817 0
1808 1817 2
1811 1808 0
1807 1846 16
1831 1800 17
1832 1815 13
1844 1824 13
1826 1836 19
1831 1828 9
1812 1834 16
1839 1842 0
1824 1834 12
1808 1845 15
1837 1822 4
1800 1802 0
1814 1849 7
1831 1817 19
1811 1836 11
1831 1800 18
1823 1834 14
1816 1848 17
1817 1815 11
1836 1836 2
1828 1832 1
1804 1830 11
1844 1805 9
1822 1815 1
1804 1817 0
1806 1843 6
1804 1838 3
1814 1808 1
1815 1823 1
1834 1813 13
1810 1826 6
1827 1804 17
1815 1803 0
1805 1805 3
1827 1803 13
1804 1801 12
1834 1849 11
1830 1844 2
1829 1833 6
1843 1822 13
1820 1839 3
1840 1804 18
1808 1846 9
1830 1848 19
1818 1810 8
1812 1837 0
1837 1817 1
1812 1842 0
1813 1800 16
1930 1925 13
1918 1930 9
1944 1921 16
1939 1918 1
1927 1906 3
1943 1912 1
1914 1933 17
1907 1941 19
1909 1923 17
1905 1949 11
1929 1948 17
1942 1932 18
1949 1905 15
1921 1918 8
1946 1945 14
1902 1907 1
1926 1909 2
1907 1909 7
1917 1901 16
1947 1947 8
1948 1935 17
1944 1921 19
1900 1938 17
1917 1910 0
1902 1900 18
1900 1936 3
1925 1941 5
1939 1936 19
1922 1900 3
1941 1939 13
1904 1929 14
1943 1931 7
1924 1916 15
1927 1910 15
1902 1945 11
1949 1914 14
1945 1910 12
1937 1906 18
1910 1912 2
1925 1949 12
1917 1917 15
1906 1930 17
1948 1911 3
1947 1920 1
1904 1937 6
2049 2033 8
2043 2042 0
2034 2047 18
2023 2006 1
2042 2021 10
2018 2003 19
2032 2033 13
2041 2030 3
2013 2006 12
2008 2003 3
2040 2019 14
2016 2011 3
2018 2001 15
2048 2003 11
2016 2021 1
2048 2013 14
2042 2039 10
2003 2007 9
2036 2017 15
2000 2039 8
2019 2038 3
2020 2040 5
2016 2042 12
2026 2049 14
2004 2033 8
2043 2002 13
2006 2046 13
2031 2028 18
2021 2006 19
2048 2028 16
2017 2013 5
2047 2010 16
2046 2012 16
2017 2047 11
2014 2040 5
2028 2000 19
2046 2040 5
2039 2009 2
2041 2030 2
2029 2035 7
2037 2035 15
2012 2006 7
2039 2041 8
2036 2034 14
2008 2031 9
2015 2045 7
2038 2037 13
2039 2041 0
2024 2016 16
2007 2001 18
2025 2028 5
2039 2029 13
2016 2004 0
2041 2013 9
2010 2012 2
2022 2032 14
2031 2003 8
2032 2027 7
2027 2049 17
2041 2020 17
2034 2043 4
2007 2014 9
2028 2030 4
2011 2041 6
2027 2005 2
2035 2042 16
2023 2041 3
2013 2030 19
2014 2042 8
2031 2048 4
2036 2027 1
2015 2030 9
2006 2027 1
2046 2020 8
2016 2025 6
2004 2040 13
2011 2008 9
2010 2040 4
2005 2007 17
2015 2019 10
2035 2038 8
2137 2112 11
2102 2129 18
2141 2149 19
2107 2128 4
2102 2101 10
2123 2110 13
2100 2139 18
2113 2140 1
2143 2144 13
2128 2142 19
2144 2108 18
2113 2134 15
2215 2222 9
2201 2207 17
2224 2206 1
2207 2206 9
2211 2232 0
2210 2208 15
2304 2317 18
2305 2323 13
2304 2305 12
2307 2322 7
2349 2311 7
2326 2327 3
2319 2347 9
2307 2327 11
2343 2316 6
2308 2325 10
2315 2327 2
2338 2319 10
2345 2340 3
2300 2332 17
2336 2346 16
2341 2348 3
2331 2305 5
2310 2314 18
2343 2344 2
2311 2348 7
2342 2309 5
2334 2305 18
2314 2315 3
2339 2319 2
2300 2333 4
2328 2346 3
2324 2312 11
2333 2336 13
2337 2318 13
2320 2306 17
2340 2329 18
2338 2304 17
2320 2335 10
2304 2328 4
2306 2316 18
2319 2338 0
2312 2342 13
2304 2323 9
2322 2305 8
2344 2328 0
2331 2329 5
2420 2437 11
2408 2433 7
2427 2433 6
2419 2449 4
2407 2426 11
2428 2430 0
2429 2414 15
2437 2422 4
2406 2407 6
2436 2438 8
2447 2419 7
2413 2448 15
2417 2409 11
2413 2409 14
2412 2448 5
2429 2406 15
2437 2447 1
2404 2447 2
2449 2438 19
2419 2404 9
2436 2409 6
2417 2407 2
2434 2434 8
2439 2424 13
2424 2401 1
2447 2436 1
2411 2448 18
2402 2445 17
2442 2407 3
2400 2435 17
2416 2438 6
2414 2441 17
2413 2431 7
2433 2407 18
2419 2449 6
2433 2438 10
2424 2426 7
2422 2416 3
2440 2411 19
2445 2440 2
2422 2416 19
2429 2441 13
2434 2401 0
2436 2448 4
2442 2433 19
2417 2441 17
2445 2432 15
2429 2425 18
2443 2407 11
2419 2428 9
2405 2445 13
2429 2442 12
2446 2441 12
2417 2444 6
2417 2443 11
2413 2414 16
2411 2416 13
2443 2416 3
2409 2402 10
2406 2427 19
2444 2416 0
2427 2447 6
2405 2428 13
2428 2449 17
2422 2422 16
2428 2439 14
2414 2448 2
2419 2411 10
2401 2409 5
2417 2439 16
2427 2418 15
2404 2441 19
2446 2422 19
2402 2431 15
2434 2425 12
2419 2435 16
2512 2506 14
2528 2529 16
2522 2527 5
2530 2502 19
2540 2507 18
2509 2526 4
2534 2513 19
2536 2543 5
2541 2500 12
2542 2512 8
2524 2526 13
2548 2520 9
2504 2547 13
2529 2513 19
2506 2549 9
2514 2535 15
2545 2517 18
2509 2508 4
2508 2529 16
2505 2514 11
2525 2548 6
2516 2545 10
2548 2513 12
2509 2534 0
2510 2525 17
2516 2532 9
2539 2540 16
2522 2540 18
2532 2513 5
2538 2501 14
2538 2535 18
2502 2513 16
2605 2626 6
2638 2625 7
2608 2626 13
2619 2600 8
2637 2624 5
2638 2642 12
2601 2618 5
2617 2634 15
2639 2632 11
2644 2618 15
2614 2638 9
2645 2643 15
2645 2602 14
2604 2603 13
2709 2711 1
2737 2710 6
2709 2727 18
2705 2717 1
2717 2729 7
2721 2743 6
2736 2730 10
2732 2736 12
2747 2724 4
2733 2745 12
2708 2717 17
2744 2725 3
2733 2729 19
2706 2744 17
2702 2702 13
2709 2733 15
2742 2735 3
2731 2714 10
2715 2725 1
2703 2713 13
2749 2723 18
2748 2724 14
2734 2716 6
2747 2724 4
2742 2738 7
2719 2708 11
2717 2709 8
2723 2734 1
2744 2702 13
2714 2717 16
2738 2711 5
2749 2728 4
2741 2734 1
2827 2804 12
2805 2820 9
2830 2815 0
2841 2808 16
2811 2817 15
2808 2820 17
2840 2836 10
2828 2815 16
2838 2805 17
2803 2814 8
2820 2847 18
2830 2816 6
2826 2808 17
2833 2827 1
2845 2804 1
2844 2845 10
2808 2802 8
2838 2846 11
2832 2837 12
2817 2831 7
2810 2804 7
2814 2814 16
2816 2849 11
2840 2839 1
2842 2809 16
2837 2849 13
2837 2816 10
2800 2815 9
2832 2839 19
2825 2818 18
2820 2822 5
2836 2809 8
2846 2849 1
2800 2840 10
2847 2817 9
2804 2807 19
2837 2828 16
2801 2820 16
2810 2809 15
2808 2832 18
2808 2814 8
2835 2824 14
2844 2835 19
2813 2804 6
2840 2802 2
2802 2805 9
2835 2815 5
2805 2836 5
2826 2833 1
2811 2803 3
2822 2816 6
2816 2848 17
2819 2848 8
2823 2826 11
2813 2834 17
2807 2822 6
2814 2841 9
2849 2822 0
2824 2827 3
2846 2834 3
2840 2816 12
2824 2835 14
2815 2821 7
2802 2847 0
2811 2832 1
2836 2836 2
2801 2846 11
2838 2803 2
2807 2833 7
2815 2819 5
2817 2833 17
2802 2836 3
2849 2844 18
2832 2813 10
2836 2801 19
2814 2845 2
2837 2846 7
2815 2837 7
2802 2824 17
2844 2843 5
2803 2812 3
2832 2839 13
2847 2810 1
2809 2821 8
2848 2814 8
2842 2814 13
2813 2819 19
2802 2809 3
2837 2822 12
2927 2907 18
2900 2915 12
2940 2944 14
2902 2901 10
2912 2914 12
2928 2942 0
2906 2942 7
2917 2943 4
2946 2947 12
2907 2944 5
2903 2947 6
2946 2920 10
2926 2908 19
2920 2942 16
2910 2918 1
2930 2904 7
2914 2930 16
2911 2906 11
2901 2909 10
2948 2942 13
2937 2948 15
2919 2923 7
2914 2914 12
2926 2912 14
2937 2921 2
2940 2905 12
2918 2920 3
2911 2934 13
2907 2906 4
2904 2916 7
2910 2928 5
2922 2914 13
2906 2928 18
2947 2913 8
2945 2910 0
2933 2909 2
2935 2940 7
2920 2939 15
3023 3049 16
3039 3030 2
3104 3123 10
3106 3106 14
3149 3139 14
3136 3140 6
3122 3116 7
3115 3140 9
3148 3148 18
3118 3141 16
3114 3102 19
3142 3139 12
3119 3145 10
3115 3129 1
3127 3119 19
3133 3124 19
3120 3148 14
3134 3122 7
3128 3118 14
3105 3149 9
3110 3140 14
3108 3143 11
3123 3130 16
3140 3131 7
3133 3131 11
3223 3200 4
3224 3246 12
3212 3201 19
3217 3214 10
3211 3219 13
3238 3203 5
3237 3239 0
3217 3246 5
3220 3230 12
3228 3217 9
3229 3212 10
3214 3240 6
3249 3229 7
3221 3235 19
3336 3309 8
3300 3308 0
3308 3326 18
3304 3317 15
3327 3304 8
3305 3307 14
3311 3332 13
3338 3321 14
3333 3316 6
3337 3342 14
3323 3347 10
3348 3325 4
3319 3310 7
3303 3325 8
3347 3316 14
3332 3318 6
3341 3331 5
3345 3312 9
3314 3337 1
3315 3346 4
3330 3344 2
3340 3326 5
3346 3339 13
3319 3330 5
3336 3305 9
3345 3315 5
3329 3313 2
3319 3344 14
3326 3347 14
3311 3334 5
3307 3335 0
3317 3346 4
3319 3339 9
3325 3312 16
3348 3320 10
3329 3326 17
3327 3346 9
3302 3318 10
3348 3301 7
3327 3349 7
3302 3332 9
3311 3308 8
3304 3318 6
3325 3321 4
3326 3321 7
3344 3318 8
3304 3320 6
3337 3342 7
3320 3321 12
3330 3312 2
3305 3322 6
3313 3341 13
3336 3311 5
3334 3335 18
3342 3330 2
3314 3325 15
3325 3334 8
3323 3337 19
3323 3318 1
3301 3330 18
3313 3321 9
3308 3307 15
3327 3326 2
3321 3342 11
3301 3337 1
3333 3330 10
3346 3329 1
3328 3345 10
3331 3323 9
3304 3325 6
3325 3340 18
3335 3308 17
3346 3325 11
3304 3315 18
3330 3322 2
3334 3339 14
3306 3333 16
3322 3327 3
3321 3341 14
3325 3320 9
3316 3311 11
3307 3344 7
3328 3327 18
3319 3319 3
3308 3333 6
3328 3326 7
3318 3345 1
3344 3315 17
3310 3340 18
3332 3308 18
3438 3421 7
3436 3427 0
3436 3446 0
3434 3434 12
3423 3410 5
3443 3408 3
3408 3431 14
3428 3449 5
3438 3435 19
3415 3446 4
3441 3408 5
3542 3535 1
3530 3520 4
3502 3505 1
3549 3529 1
3549 3518 2
3503 3530 6
3545 3538 15
3500 3504 16
3505 3515 13
3504 3511 3
3502 3512 12
3528 3530 15
3536 3508 3
3503 3508 8
3543 3548 16
3514 3538 10
3516 3527 18
3548 3541 15
3541 3541 1
3502 3530 0
3527 3531 0
3506 3538 11
3512 3541 12
3513 3504 8
3531 3543 10
3505 3538 4
3524 3531 15
3521 3537 6
3529 3548 7
3515 3520 3
3521 3538 18
3518 3548 5
3538 3547 9
3611 3607 18
3605 3601 7
3621 3622 12
3603 3628 16
3649 3601 10
3642 3630 5
3600 3604 19
3631 3620 16
3601 3647 0
3630 3608 9
3622 3607 3
3637 3607 19
3629 3645 10
3626 3633 15
3643 3625 3
3611 3615 11
3617 3628 9
3612 3647 8
3615 3600 4
3644 3604 16
3602 3643 12
3611 3618 10
3637 3637 15
3626 3618 9
3632 3647 19
3642 3642 1
3641 3623 19
3620 3614 10
3642 3629 5
3629 3642 2
3603 3604 1
3618 3638 3
3635 3637 10
3603 3604 8
3623 3642 15
3638 3648 16
3626 3610 9
3622 3622 18
3634 3608 0
3642 3634 1
3702 3733 10
3721 3749 15
3709 3704 8
3725 3718 18
3725 3730 3
3714 3709 19
3706 3737 4
3704 3733 19
3712 3744 19
3716 3735 10
3708 3711 14
3707 3718 7
3702 3745 17
3743 3716 2
3746 3706 1
3717 3744 6
3709 3722 17
3722 3733 10
3719 3708 19
3732 3702 1
3736 3700 8
3714 3729 11
3749 3715 19
3714 3737 12
3724 3728 15
3739 3709 0
3703 3701 9
3741 3720 3
3734 3720 15
3745 3742 15
3714 3735 7
3724 3746 12
3714 3749 17
3717 3736 12
3732 3712 8
3718 3740 6
3707 3741 13
3723 3708 19
3731 3725 8
3742 3748 17
3707 3744 19
3733 3715 15
3723 3719 0
3702 3700 5
3711 3735 4
3723 3700 12
3706 3717 2
3731 3733 17
3715 3738 12
3730 3733 16
3706 3725 0
3725 3709 18
3730 3713 17
3704 3716 7
3711 3734 3
3726 3738 4
3745 3715 3
3731 3724 12
3736 3707 3
3706 3731 19
3749 3703 2
3739 3721 5
3739 3701 5
3701 3740 18
3741 3744 14
3714 3705 3
3729 3736 6
3721 3736 12
3702 3740 5
3722 3715 12
3701 3700 1
3711 3714 17
3740 3721 1
3736 3738 7
3736 3723 19
3713 3705 7
3749 3733 3
3704 3745 13
3716 3748 6
3702 3724 18
3703 3719 10
3740 3705 17
3733 3737 3
3731 3717 4
3732 3713 3
3709 3709 17
3726 3724 0
3729 3744 2
3705 3714 4
3731 3745 7
3736 3716 12
3722 3730 14
3702 3710 16
3718 3722 9
3710 3726 1
3809 3828 8
3815 3843 15
3843 3841 19
3827 3826 15
3809 3809 11
3840 3806 18
3800 3845 18
3813 3841 10
3833 3825 16
3806 3802 19
3835 3826 9
3846 3830 2
3833 3832 19
3822 3810 18
3817 3848 2
3825 3814 2
3947 3919 0
3916 3928 1
3922 3920 4
3921 3918 1
3915 3927 2
3910 3933 5
3906 3935 11
3924 3907 1
3936 3930 4
3926 3902 18
3946 3906 7
3909 3931 11
3930 3915 0
3940 3933 8
3945 3920 4
3910 3904 10
3932 3941 4
3944 3925 12
3942 3942 18
3906 3906 0
3927 3928 1
3943 3934 12
3915 3935 10
3933 3921 0
3930 3936 1
3948 3940 18
3936 3907 9
3946 3943 2
3931 3942 11
3943 3942 1
3935 3919 0
3946 3928 1
3909 3905 0
3939 3912 7
3947 3904 12
3939 3935 5
3917 3916 2
3949 3914 12
3912 3907 4
3931 3901 1
3926 3914 6
3904 3911 1
3933 3907 18
3946 3935 19
3915 3910 16
3948 3919 1
3916 3929 0
3941 3908 19
3944 3914 1
3929 3912 3
3900 3914 0
3926 3927 0
3928 3923 10
3938 3913 6
3922 3938 7
3926 3935 13
3925 3937 6
3945 3926 5
3932 3906 13
3906 3941 0
3946 3940 2
3900 3931 2
3948 3928 10
3916 3901 1
3911 3928 9
3921 3933 0
3905 3929 1
3940 3939 7
3915 3922 18
3908 3937 19
3919 3909 8
3921 3922 0
3931 3927 10
3939 3903 0
3917 3934 19
3901 3933 5
3948 3947 14
3939 3922 9
3918 3949 18
3929 3914 0
3931 3940 1
3941 3936 0
3948 3938 4
3903 3942 13
3940 3911 8
3922 3906 5
3932 3920 4
3913 3918 18
3945 3933 15
3901 3923 5
3934 3902 4
3924 3916 17
3935 3934 6
3933 3941 8
3925 3941 9
3935 3938 11
3943 3922 15
3903 3900 16
4004 4034 5
4038 4049 19
4029 4021 17
4024 4040 6
4049 4033 14
4026 4026 16
4043 4012 14
4013 4006 4
4038 4022 1
4026 4031 10
4013 4043 4
4025 4049 1
4031 4009 14
4006 4025 13
4031 4044 1
4010 4028 4
4016 4041 16
4008 4039 16
4022 4029 9
4028 4044 5
4017 4019 0
4022 4015 10
4002 4047 7
4023 4015 8
4000 4045 14
4040 4008 1
4012 4000 7
4020 4017 9
4022 4039 3
4003 4000 16
4009 4026 4
4034 4000 9
4018 4002 18
4022 4011 18
4043 4028 9
4008 4003 9
4000 4011 14
4025 4026 13
4017 4033 18
4026 4028 12
4028 4013 2
4015 4044 0
4007 4025 9
4041 4009 0
4025 4029 9
4037 4018 3
4021 4042 8
4045 4008 1
4026 4018 0
4030 4036 16
4014 4044 8
4016 4040 7
4031 4020 7
4041 4018 11
4003 4002 5
4018 4027 1
4046 4036 0
4008 4000 19
4033 4037 10
4044 4003 9
4032 4035 11
4019 4048 8
4029 4046 14
4027 4036 2
4031 4037 13
4032 4001 17
4009 4047 11
4002 4017 5
4040 4040 16
4025 4044 12
4012 4012 4
4027 4009 2
4049 4019 5
4023 4015 19
4007 4004 3
4019 4014 11
4029 4029 17
4034 4011 4
4018 4004 0
4038 4043 19
4008 4005 11
4046 4009 7
4037 4000 11
4044 4015 8
4007 4026 3
4040 4044 2
4018 4011 17
4026 4031 4
4014 4010 1
4021 4048 13
4011 4036 15
4023 4040 18
4018 4011 16
4003 4018 18
4136 4146 17
4148 4107 6
4132 4136 6
4126 4131 10
4132 4124 18
4120 4141 18
4117 4134 3
4117 4130 10
4108 4146 8
4125 4127 13
4115 4127 13
4148 4141 10
4104 4134 7
4100 4136 12
4127 4111 4
4144 4109 17
4101 4137 16
4115 4116 5
4124 4135 5
4141 4126 19
4125 4144 14
4123 4107 1
4149 4133 18
4149 4123 11
4131 4101 10
4136 4119 8
4110 4100 0
4115 4133 6
4136 4109 11
4131 4148 17
4108 4110 7
4114 4132 1
4126 4137 8
4140 4132 14
4119 4141 8
4108 4102 10
4139 4133 3
4104 4105 9
4125 4104 7
4112 4141 4
4128 4101 14
4143 4137 19
4108 4120 11
4134 4105 16
4109 4139 6
4139 4137 2
4101 4120 4
4109 4106 8
4105 4123 16
4123 4119 8
4123 4130 0
4122 4112 2
4146 4108 6
4104 4129 15
4122 4111 16
4149 4115 15
4120 4124 17
4132 4114 18
4141 4130 15
4146 4149 4
4124 4101 10
4103 4105 15
4118 4108 16
4124 4141 13
4131 4146 3
4133 4131 1
4105 4113 10
4100 4138 6
4104 4145 5
4147 4137 8
4108 4147 15
4103 4143 19
4111 4141 2
4148 4129 4
4143 4121 9
4113 4121 11
4114 4107 15
4133 4134 18
4127 4123 14
4148 4128 4
4242 4236 5
4244 4216 15
4215 4219 5
4207 4202 17
4207 4223 0
4204 4238 18
4208 4232 5
4230 4216 16
4242 4236 10
4210 4236 2
4238 4235 14
4222 4212 6
4206 4249 10
4233 4201 19
4237 4222 7
4235 4226 7
4237 4243 6
4246 4229 15
4242 4222 16
4202 4243 7
4219 4204 10
4214 4229 14
4228 4203 12
4211 4223 4
4237 4246 18
4220 4240 12
4239 4215 3
4214 4230 17
4220 4233 13
4241 4202 12
4202 4233 15
4229 4200 7
4223 4200 18
4230 4209 17
4235 4219 1
4227 4234 2
4248 4228 5
4220 4240 5
4232 4204 10
4222 4206 13
4245 4247 19
4230 4237 2
4230 4222 17
4244 4214 13
4243 4200 2
4235 4231 2
4220 4221 16
4243 4206 5
4200 4208 11
4247 4211 5
4238 4218 18
4237 4200 7
4201 4224 10
4247 4215 14
4204 4249 8
4243 4236 9
4228 4219 19
4231 4200 15
4225 4222 9
4236 4214 16
4225 4206 16
4213 4218 1
4222 4245 1
4249 4208 1
4204 4227 11
4202 4249 7
4200 4213 5
4229 4225 11
4207 4200 10
4210 4221 1
4229 4206 8
4229 4222 19
4215 4232 1
4217 4219 13
4202 4223 11
4227 4209 3
4207 4201 18
4247 4220 9
4218 4234 5
4245 4230 5
4246 4220 14
4218 4233 1
4237 4238 4
4237 4236 19
4240 4209 13
4233 4230 11
4220 4237 7
4223 4225 18
4234 4218 11
4220 4219 8
4220 4227 5
4321 4301 5
4345 4322 10
4342 4302 7
4317 4314 6
4349 4304 15
4335 4312 19
4336 4320 14
4313 4308 11
4319 4307 7
4332 4309 6
4302 4314 0
4314 4337 7
4314 4328 8
4319 4327 2
4309 4325 11
4340 4307 1
4302 4331 16
4313 4338 13
4326 4313 15
4336 4324 9
4340 4342 4
4346 4302 4
4345 4340 9
4340 4309 13
4306 4324 1
4339 4343 10
4333 4320 6
4345 4319 11
4344 4349 15
4432 4425 8
4410 4420 12
4440 4410 18
4402 4410 7
4429 4444 1
4402 4401 10
4411 4404 8
4425 4405 5
4442 4433 16
4433 4430 8
4438 4434 4
4435 4419 4
4410 4448 13
4437 4417 8
4443 4446 4
4400 4432 6
4403 4438 14
4437 4401 7
4419 4432 13
4431 4424 16
4400 4435 1
4437 4422 16
4404 4406 15
4448 4427 10
4425 4422 8
4443 4446 1
4421 4420 8
4418 4431 4
4402 4442 0
4445 4446 6
4416 4447 14
4412 4436 7
4437 4409 16
4434 4421 7
4419 4417 1
4423 4438 15
4403 4406 3
4402 4446 15
4420 4430 11
4440 4415 1
4422 4442 6
4424 4446 1
4435 4418 1
4413 4401 7
4430 4431 3
4442 4418 1
4435 4402 16
4415 4413 1
4410 4449 9
4404 4408 11
4423 4433 5
4435 4426 6
4401 4423 11
4406 4443 12
4420 4431 16
4413 4427 9
4439 4420 6
4440 4411 5
4505 4512 14
4544 4523 10
4520 4548 15
4538 4547 10
4541 4544 5
4521 4512 16
4514 4503 14
4505 4514 5
4543 4522 2
4538 4546 14
4545 4516 6
4533 4512 4
4548 4509 5
4516 4525 4
4547 4539 4
4535 4532 9
4517 4530 6
4501 4535 2
4531 4546 2
4546 4518 4
4545 4530 19
4504 4537 17
4540 4505 13
4534 4540 16
4516 4545 17
4506 4527 19
4543 4518 1
4518 4502 11
4537 4540 2
4531 4500 17
4527 4500 18
4539 4531 10
4549 4540 0
4517 4504 3
4538 4533 16
4507 4514 6
4533 4520 6
4533 4534 7
4504 4536 15
4500 4546 1
4548 4542 1
4501 4523 3
4531 4505 9
4524 4521 7
4530 4523 2
4534 4542 10
4511 4513 18
4549 4506 0
4508 4536 11
4517 4530 10
4502 4520 9
4535 4524 12
4511 4531 7
4538 4535 18
4634 4632 15
4613 4612 1
4605 4623 0
4631 4618 5
4636 4603 1
4603 4612 11
4632 4604 13
4644 4605 1
4617 4623 5
4633 4629 13
4620 4624 1
4612 4603 10
4636 4621 12
4615 4641 18
4616 4616 1
4601 4618 9
4600 4626 3
4616 4627 2
4618 4614 11
4601 4633 4
4603 4634 15
4643 4602 19
4600 4621 16
4619 4628 9
4623 4643 7
4626 4624 8
4607 4631 0
4604 4647 18
4637 4635 12
4638 4624 11
4618 4603 19
4625 4629 1
4631 4630 13
4645 4629 10
4634 4617 15
4610 4602 5
4634 4646 8
4642 4625 2
4619 4601 1
4646 4647 12
4621 4622 15
4643 4600 6
4600 4623 14
4639 4621 3
4621 4639 8
4643 4611 3
4645 4622 15
4631 4619 2
4607 4645 2
4612 4610 0
4609 4629 18
4626 4600 12
4606 4616 13
4620 4632 8
4620 4616 8
4622 4615 17
4618 4613 14
4611 4601 15
4600 4633 4
4628 4609 9
4623 4611 17
4638 4602 17
4604 4624 12
4620 4628 16
4609 4606 10
4626 4622 11
4634 4620 8
4633 4646 17
4627 4622 13
4619 4645 5
4711 4701 16
4735 4711 6
4722 4725 13
4705 4719 13
4730 4732 1
4713 4701 14
4722 4714 16
4744 4705 15
4717 4725 8
4733 4711 5
4708 4732 11
4725 4724 2
4711 4746 1
4731 4716 2
4714 4731 15
4702 4725 18
4718 4712 5
4726 4704 3
4726 4734 16
4738 4702 16
4717 4720 8
4749 4709 11
4715 4702 15
4725 4745 8
4744 4715 9
4702 4743 9
4723 4724 6
4703 4742 1
4746 4703 9
4705 4723 19
4704 4741 11
4723 4711 2
4845 4842 18
4816 4838 5
4824 4840 11
4848 4849 12
4842 4821 10
4819 4836 7
4833 4809 9
4814 4808 11
4820 4830 3
4824 4817 11
4820 4807 3
4815 4839 15
4830 4835 11
4813 4805 7
4839 4829 4
4827 4838 10
4829 4808 17
4825 4828 9
4849 4829 10
4827 4837 6
4821 4845 18
4836 4843 12
4812 4847 10
4818 4808 11
4846 4811 7
4838 4837 12
4800 4842 3
4802 4819 8
4847 4815 1
4833 4841 5
4845 4842 19
4807 4809 3
4810 4802 9
4823 4825 1
4830 4801 13
4811 4816 15
4805 4844 9
4821 4826 4
4826 4841 4
4807 4819 11
4815 4805 17
4827 4820 12
4848 4815 10
4839 4803 9
4839 4826 12
4816 4816 0
4830 4829 15
4811 4835 13
4817 4825 18
4817 4833 19
4822 4818 7
4849 4821 15
4844 4845 16
4802 4823 17
4824 4842 11
4805 4819 4
4805 4827 18
4805 4811 12
4835 4811 1
4834 4830 11
4838 4817 19
4844 4822 12
4807 4823 10
4800 4801 12
4843 4843 7
4810 4837 12
4829 4817 13
4840 4833 8
4809 4842 18
4801 4829 19
4819 4826 13
4834 4814 7
4829 4843 0
4826 4821 15
4830 4826 13
4807 4830 10
4815 4833 17
4823 4800 16
4810 4829 6
4847 4817 2
4919 4922 2
4918 4928 10
4905 4920 2
4909 4906 8
4907 4936 7
4935 4903 4
4908 4917 9
4901 4902 0
4910 4939 4
4931 4913 1
4941 4937 8
4922 4933 0
4931 4929 8
4904 4920 19
4935 4937 4
4917 4923 1
4918 4933 9
4907 4927 5
4916 4911 17
4906 4927 19
4939 4941 5
4930 4907 5
4923 4944 2
4947 4920 18
4941 4917 15
4908 4948 8
4925 4910 12
4938 4919 4
4945 4904 10
4913 4940 12
4928 4938 10
4917 4936 6
4949 4916 16
4946 4907 5
4901 4924 2
4919 4901 14
4930 4936 19
4913 4942 14
4918 4946 8
4915 4908 8
4910 4900 17
4945 4929 2
4906 4918 16
4942 4907 6
4940 4914 1
4918 4906 11
4949 4930 14
4941 4904 9
4907 4913 18
4935 4907 8
5002 5040 9
5001 5001 13
5014 5040 0
5019 5025 3
5043 5028 16
5040 5007 18
5038 5049 5
5039 5045 10
5022 5034 11
5034 5031 5
5005 5035 7
5013 5031 6
5030 5031 11
5032 5046 0
5032 5022 10
5019 5024 1
5026 5016 5
5041 5005 17
5006 5008 19
5004 5014 15
5031 5015 15
5013 5030 18
5032 5015 3
5016 5016 8
5026 5045 10
5037 5013 1
5022 5014 13
5009 5009 19
5039 5041 1
5033 5000 12
5104 5113 11
5120 5122 4
5109 5125 10
5106 5131 4
5103 5102 5
5146 5129 4
5104 5124 13
5136 5147 14
5147 5136 6
5104 5125 9
5144 5135 18
5140 5147 19
5129 5113 6
5138 5108 5
5106 5111 16
5121 5105 15
5138 5145 2
5144 5109 7
5112 5104 3
5107 5131 10
5116 5136 14
5144 5139 5
5112 5137 1
5117 5109 18
5101 5104 16
5146 5142 5
5105 5140 18
5129 5140 18
5109 5125 18
5101 5123 0
5123 5146 5
5139 5108 7
5135 5112 3
5147 5122 16
5124 5111 8
5127 5123 7
5108 5116 17
5115 5123 8
5120 5107 1
5144 5144 8
5112 5149 0
5111 5127 19
5136 5110 5
5101 5142 13
5125 5118 4
5142 5117 10
5136 5140 9
5103 5126 6
5145 5134 14
5146 5140 1
5132 5143 8
5112 5123 15
5142 5130 2
5137 5115 9
5131 5149 14
5135 5129 3
5105 5102 15
5127 5138 8
5104 5105 18
5146 5142 12
5103 5130 7
5135 5117 8
5125 5133 2
5122 5143 11
5104 5115 4
5138 5102 13
5228 5244 15
5226 5229 18
5216 5225 10
5233 5220 16
5203 5239 2
5227 5209 14
5201 5232 6
5223 5234 14
5244 5211 3
5232 5213 5
5212 5232 3
5224 5225 3
5247 5214 12
5236 5248 18
5203 5200 19
5331 5305 13
5318 5342 9
5335 5323 19
5304 5342 16
5442 5442 9
5449 5439 3
5401 5410 13
5435 5402 14
5412 5416 7
5415 5436 14
5411 5422 4
5421 5404 5
5401 5445 7
5443 5447 12
5416 5426 19
5417 5439 5
5409 5446 1
5435 5443 8
5411 5434 18
5400 5402 13
5422 5441 2
5402 5433 14
5400 5429 12
5441 5435 19
5434 5408 6
5409 5429 1
5439 5437 5
5442 5437 19
5444 5405 11
5442 5439 12
5441 5419 5
5415 5449 9
5413 5403 17
5432 5404 11
5433 5437 3
5408 5424 13
5430 5404 4
5412 5424 11
5441 5449 4
5446 5444 7
5435 5422 5
5445 5443 19
5440 5414 8
5412 5421 3
5424 5407 11
5431 5435 14
5424 5408 1
5443 5437 6
5440 5426 1
5433 5431 4
5400 5444 18
5420 5442 10
5440 5443 2
5410 5444 16
5401 5432 17
5401 5407 12
5408 5429 4
5435 5419 3
5415 5405 14
5438 5418 10
5448 5408 18
5408 5449 11
5435 5437 19
5401 5445 2
5411 5419 10
5411 5436 17
5401 5416 5
5449 5444 19
5427 5428 19
5437 5431 18
5428 5407 10
5444 5449 10
5438 5421 17
5411 5430 15
5400 5404 19
5444 5410 17
5413 5446 16
5444 5445 5
5405 5401 6
5447 5438 13
5421 5434 9
5507 5547 6
5504 5526 3
5531 5527 3
5512 5518 4
5508 5521 17
5539 5529 4
5511 5508 5
5532 5525 9
5516 5520 8
5536 5544 17
5509 5530 18
5502 5537 15
5509 5506 19
5547 5525 15
5526 5513 3
5516 5517 19
5538 5528 18
5549 5512 10
5539 5506 5
5543 5506 14
5549 5506 8
5516 5549 2
5539 5537 12
5530 5536 3
5538 5517 5
5504 5518 4
5506 5538 16
5517 5513 0
5546 5548 12
5532 5511 3
5501 5505 2
5505 5535 9
5539 5518 5
5534 5535 7
5507 5544 12
5520 5534 9
5500 5548 8
5546 5517 13
5515 5500 18
5500 5530 8
5522 5529 8
5548 5538 4
5527 5539 9
5542 5526 16
5505 5509 4
5538 5502 17
5506 5542 0
5519 5510 18
5518 5549 4
5516 5511 5
5548 5532 4
5509 5524 10
5501 5513 7
5549 5540 15
5543 5502 2
5541 5518 9
5517 5538 19
5544 5528 15
5532 5515 18
5521 5513 1
5531 5529 18
5526 5511 6
5535 5530 10
5538 5513 9
5523 5517 10
5527 5511 19
5524 5543 15
5518 5512 6
5524 5542 9
5535 5530 10
5549 5536 12
5526 5526 13
5515 5510 18
5512 5532 13
5612 5620 15
5637 5640 8
5641 5623 6
5644 5609 13
5610 5645 15
5647 5600 14
5602 5607 15
5608 5638 12
5605 5634 16
5630 5620 0
5607 5608 19
5619 5601 14
5626 5617 7
5637 5606 14
5622 5620 16
5637 5628 7
5615 5629 14
5717 5712 5
5739 5722 11
5718 5721 16
5719 5731 12
5722 5719 1
5715 5719 8
5726 5723 13
5719 5732 11
5743 5745 3
5712 5719 3
5744 5744 19
5742 5726 12
5732 5706 11
5732 5747 9
5701 5716 13
5731 5744 4
5720 5735 7
5704 5707 2
5726 5748 10
5740 5739 4
5728 5711 0
5701 5707 13
5723 5728 5
5726 5742 11
5729 5714 8
5733 5707 16
5720 5725 1
5745 5724 4
5730 5718 0
5717 5715 8
5747 5748 6
5710 5703 8
5723 5727 7
5725 5700 17
5730 5737 19
5712 5717 0
5710 5745 0
5740 5731 12
5742 5735 16
5813 5828 3
5840 5804 0
5847 5809 9
5826 5815 16
5826 5843 3
5818 5833 15
5811 5805 19
5802 5810 8
5806 5807 8
5803 5822 13
5843 5842 0
5845 5800 19
5820 5844 1
5840 5832 13
5809 5841 19
5832 5835 13
5814 5804 17
5832 5845 8
5845 5820 13
5822 5822 18
5848 5823 9
5846 5800 19
5821 5824 7
5842 5840 19
5817 5800 3
5815 5812 8
5832 5825 15
5913 5912 6
5907 5918 15
5948 5920 10
5938 5939 11
5907 5928 9
5900 5914 5
5906 5915 5
5935 5912 2
5947 5927 13
5904 5943 16
5940 5926 3
5935 5934 12
5946 5933 2
5920 5900 6
5904 5927 19
6010 6018 2
6038 6036 12
6040 6006 18
6048 6002 19
6138 6115 6
6141 6140 13
6124 6129 18
6122 6119 9
6113 6143 3
6130 6141 14
6107 6116 11
6141 6116 5
6128 6132 5
6124 6106 13
6120 6138 0
6114 6100 14
6126 6121 6
6125 6104 0
6113 6126 8
6118 6103 11
6126 6110 12
6116 6106 13
6125 6133 9
6142 6121 10
6105 6141 3
6107 6139 10
6111 6148 5
6108 6103 15
6107 6131 16
6135 6131 10
6119 6104 13
6129 6143 15
6147 6143 16
6147 6112 0
6101 6132 0
6117 6110 18
6106 6139 7
6124 6120 15
6122 6104 0
6232 6245 11
6212 6239 18
6225 6202 18
6229 6230 16
6214 6200 0
6247 6214 3
6226 6203 14
6249 6209 1
6205 6226 1
6245 6248 0
6211 6211 10
6207 6243 7
6245 6206 4
6200 6235 10
6229 6222 11
6235 6213 3
6226 6209 7
6221 6200 18
6232 6222 10
6216 6226 10
6246 6227 6
6202 6206 7
6230 6238 5
6247 6229 7
6214 6211 12
6243 6211 2
6207 6223 1
6241 6240 0
6245 6215 6
6202 6217 2
6202 6232 8
6215 6244 4
6238 6219 8
6219 6212 5
6215 6236 1
6241 6223 18
6217 6214 18
6236 6211 6
6232 6213 18
6207 6248 14
6214 6233 1
6225 6243 14
6218 6231 19
6222 6247 15
6223 6213 4
6201 6207 1
6226 6232 19
6245 6208 12
6245 6248 3
6204 6247 10
6235 6203 5
6215 6231 5
6228 6216 4
6235 6229 4
6213 6220 5
6210 6210 10
6200 6245 1
6239 6238 6
6214 6202 19
6213 6240 2
6249 6249 0
6204 6225 9
6221 6224 0
6215 6209 1
6241 6222 10
6243 6243 5
6245 6230 12
6244 6208 1
6241 6248 1
6209 6202 12
6227 6238 16
6224 6213 9
6223 6204 13
6238 6218 5
6237 6240 4
6242 6233 11
6214 6203 7
6223 6206 17
6304 6338 6
6337 6338 10
6301 6306 0
6323 6318 3
6322 6341 1
6339 6320 9
6331 6303 9
6334 6300 8
6340 6301 1
6321 6318 5
6323 6307 8
6309 6319 14
6328 6310 1
6331 6315 16
6317 6339 18
6337 6348 9
6303 6317 9
6312 6342 0
6338 6323 4
6338 6303 9
6339 6311 3
6335 6316 2
6345 6320 15
6319 6339 6
6318 6346 17
6316 6345 18
6330 6305 1
6349 6314 1
6326 6315 10
6322 6346 17
6300 6349 9
6323 6327 6
6311 6300 7
6344 6322 13
6343 6337 16
6310 6331 17
6311 6316 5
6313 6337 3
6317 6347 19
6307 6323 14
6322 6303 9
6341 6303 15
6324 6318 1
6345 6317 11
6316 6318 2
6339 6315 18
6327 6310 9
6349 6346 7
6321 6344 17
6336 6304 15
6301 6320 3
6321 6313 18
6323 6307 9
6323 6306 12
6332 6347 8
6303 6315 15
6327 6324 11
6310 6320 9
6344 6333 15
6336 6324 11
6441 6446 16
6439 6401 10
6441 6446 6
6424 6430 5
6441 6440 7
6413 6427 5
6432 6429 9
6432 6424 1
6533 6500 8
6517 6523 16
6513 6512 14
6513 6508 3
6545 6544 19
6537 6543 1
6527 6549 10
6533 6525 10
6527 6519 11
6503 6537 16
6546 6532 7
6512 6517 13
6515 6545 17
6509 6532 5
6534 6540 11
6547 6545 4
6513 6511 18
6540 6528 11
6501 6516 8
6514 6504 2
6537 6527 18
6537 6513 10
6512 6501 9
6513 6516 15
6508 6542 7
6545 6542 2
6515 6520 18
6518 6526 11
6522 6513 13
6535 6512 9
6522 6506 0
6504 6500 13
6516 6531 16
6540 6536 1
6509 6523 15
6517 6539 2
6516 6543 17
6548 6530 14
6516 6523 7
6510 6503 18
6548 6530 4
6537 6534 13
6516 6549 8
6535 6534 11
6549 6518 13
6532 6545 13
6534 6506 14
6509 6508 17
6538 6518 4
6532 6544 6
6509 6536 1
6511 6512 2
6607 6628 5
6649 6600 4
6600 6619 9
6609 6600 6
6645 6649 0
6610 6625 9
6649 6639 2
6623 6627 1
6612 6638 0
6631 6626 7
6645 6644 15
6601 6605 14
6615 6620 4
6631 6637 16
6635 6620 9
6634 6626 17
6601 6613 18
6632 6629 5
6639 6643 14
6602 6625 0
6605 6605 4
6641 6634 18
6630 6604 18
6646 6607 16
6642 6625 15
6630 6628 13
6628 6618 15
6628 6607 18
6646 6607 14
6715 6731 1
6721 6746 7
6718 6749 10
6706 6719 5
6706 6722 7
6743 6746 14
6736 6735 4
6708 6736 14
6731 6721 6
6729 6737 9
6709 6727 7
6712 6735 5
6727 6731 7
6719 6719 19
6744 6735 18
6732 6706 15
6739 6737 13
6743 6739 13
6736 6729 5
6718 6714 1
6740 6746 13
6714 6717 13
6746 6714 18
6718 6748 7
6700 6713 18
6703 6719 2
6733 6736 17
6736 6712 7
6748 6738 17
6724 6701 7
6719 6702 16
6739 6723 8
6723 6717 14
6700 6736 15
6741 6707 11
6711 6722 19
6727 6704 18
6716 6715 7
6749 6732 4
6714 6709 17
6738 6722 4
6727 6710 14
6717 6730 1
6739 6719 13
6729 6736 6
6715 6749 3
6737 6708 2
6729 6723 8
6710 6705 11
6713 6731 8
6717 6703 17
6720 6735 14
6723 6742 11
6719 6722 2
6716 6708 1
6708 6728 2
6745 6743 5
6721 6728 19
6703 6713 10
6733 6706 2
6713 6748 11
6741 6725 18
6716 6725 10
6746 6733 7
6723 6745 13
6726 6733 10
6738 6720 18
6709 6732 6
6740 6726 3
6733 6716 14
6710 6739 11
6700 6708 9
6704 6721 4
6711 6701 5
6738 6721 8
6730 6722 10
6740 6746 16
6727 6742 5
6726 6732 11
6739 6703 7
6709 6715 14
6721 6707 4
6711 6703 7
6734 6748 7
6730 6721 9
6733 6711 0
6842 6844 3
6807 6828 0
6843 6838 7
6840 6827 5
6836 6825 4
6823 6802 17
6923 6938 10
6927 6940 2
6940 6937 17
6906 6949 1
6906 6918 10
6924 6926 15
6930 6918 3
6937 6915 9
6913 6914 12
6914 6926 10
6919 6934 6
6933 6913 12
6938 6922 4
6909 6946 5
6910 6909 12
6948 6920 4
6902 6907 4
6921 6935 8
6913 6945 17
6936 6949 0
6923 6910 13
6944 6913 9
6929 6932 1
6918 6944 12
6933 6910 16
6943 6935 15
6921 6902 19
6926 6937 6
6944 6946 15
6902 6903 12
6945 6913 15
6918 6947 8
6901 6911 1
6923 6936 6
6934 6929 4
6905 6945 9
6937 6944 6
6919 6906 1
6918 6929 14
6942 6918 13
7025 7048 9
7013 7007 4
7003 7023 9
7042 7014 5
7011 7003 5
7000 7015 17
7029 7042 1
7034 7015 17
7009 7021 18
7029 7035 5
7023 7023 11
7039 7004 3
7012 7020 9
7007 7004 14
7014 7043 8
7007 7014 0
7039 7046 19
7023 7015 13
7046 7025 18
7005 7045 18
7022 7022 10
7001 7036 7
7042 7010 3
7003 7027 18
7032 7044 0
7026 7049 4
7016 7024 19
7006 7015 12
7007 7044 16
7016 7041 0
7007 7027 5
7011 7014 3
7046 7047 8
7038 7049 1
7018 7022 1
7032 7014 19
7017 7013 9
7046 7014 14
7014 7017 9
7013 7003 9
7042 7045 15
7009 7039 19
7001 7044 3
7022 7030 16
7024 7045 2
7028 7006 9
7017 7028 5
7018 7038 15
7040 7009 19
7004 7048 4
7042 7015 3
7008 7012 15
7031 7009 0
7005 7017 15
7022 7037 15
7038 7027 3
7010 7021 11
7032 7049 4
7010 7013 1
7040 7040 15
7006 7039 18
7014 7034 17
7024 7047 10
7002 7040 6
7021 7020 6
7041 7005 4
7018 7030 4
7001 7023 8
7006 7027 0
7004 7041 7
7024 7009 18
7039 7020 8
7040 7022 6
7005 7021 12
7020 7023 8
7108 7142 15
7149 7100 19
7129 7117 7
7116 7103 5
7117 7145 1
7143 7147 13
7141 7101 15
7143 7135 11
7148 7102 14
7108 7101 7
7103 7116 13
7130 7142 12
7117 7110 3
7117 7129 0
7124 7100 5
7127 7114 5
7117 7116 2
7143 7144 6
7103 7118 5
7133 7109 2
7101 7140 2
7133 7110 15
7140 7149 4
7105 7130 17
7104 7123 19
7129 7118 0
7108 7104 5
7100 7147 17
7139 7109 16
7117 7100 14
7116 7126 17
7139 7119 3
7106 7141 16
7126 7143 6
7110 7149 14
7115 7135 10
7119 7127 1
7125 7111 16
7123 7140 12
7133 7140 5
7126 7137 9
7130 7112 3
7237 7219 9
7225 7211 17
7234 7203 2
7201 7248 8
7212 7205 14
7238 7204 5
7210 7219 14
7232 7242 3
7214 7230 10
7235 7235 10
7246 7231 12
7206 7247 7
7230 7229 17
7218 7211 6
7219 7243 10
7219 7239 3
7212 7238 13
7203 7217 5
7208 7246 16
7209 7244 2
7203 7247 0
7218 7216 14
7213 7200 18
7200 7228 16
7244 7248 1
7235 7204 6
7229 7203 1
7239 7203 2
7215 7246 1
7216 7202 16
7200 7234 5
7220 7212 6
7230 7208 5
7229 7207 15
7348 7313 14
7337 7342 14
7305 7306 11
7308 7318 18
7302 7340 16
7341 7338 6
7312 7340 14
7319 7316 10
7333 7315 1
7345 7348 19
7307 7302 5
7321 7313 16
7325 7342 15
7324 7325 4
7346 7341 10
7344 7334 12
7311 7346 6
7321 7304 16
7328 7322 10
7342 7315 17
7331 7341 10
7314 7343 1
7306 7329 2
7305 7341 6
7348 7314 5
7346 7334 6
7325 7327 15
7334 7319 8
7319 7340 14
7323 7332 14
7310 7333 6
7332 7322 14
7313 7327 8
7347 7303 4
7311 7308 3
7320 7321 18
7321 7310 2
7326 7331 15
7448 7406 14
7415 7402 0
7426 7423 10
7412 7449 15
7412 7418 6
7405 7432 10
7421 7444 15
7425 7445 5
7410 7438 13
7415 7416 2
7404 7405 2
7437 7400 17
7439 7446 8
7436 7437 12
7419 7403 6
7448 7425 4
7430 7423 0
7412 7446 19
7416 7412 2
7431 7400 13
7438 7424 19
7417 7448 7
7445 7408 2
7424 7403 1
7442 7430 0
7436 7443 9
7448 7423 1
7428 7412 8
7413 7407 17
7426 7428 3
7423 7402 9
7427 7427 14
7401 7429 5
7417 7418 0
7429 7402 11
7424 7407 5
7438 7411 1
7423 7428 18
7448 7436 9
7430 7411 1
7444 7446 3
7414 7421 0
7434 7434 8
7415 7408 13
7402 7416 11
7432 7425 10
7426 7438 8
7440 7428 8
7444 7424 4
7437 7432 18
7441 7412 12
7430 7446 4
7444 7442 1
7443 7407 11
7405 7424 11
7447 7447 14
7440 7449 19
7427 7427 11
7411 7418 14
7431 7401 12
7441 7433 12
7441 7410 19
7441 7448 9
7447 7436 6
7419 7401 18
7404 7441 2
7423 7424 14
7429 7421 12
7431 7419 2
7401 7429 12
7423 7414 5
7429 7433 17
7415 7404 8
7423 7430 0
7417 7416 17
7408 7417 18
7449 7424 9
7431 7402 0
7421 7438 4
7416 7435 15
7500 7521 18
7530 7510 19
7534 7546 6
7542 7506 1
7638 7607 17
7647 7633 10
7635 7611 17
7605 7627 12
7635 7642 12
7644 7623 18
7648 7640 19
7622 7636 18
7602 7610 17
7608 7618 15
7601 7625 16
7628 7636 13
7633 7604 18
7615 7621 2
7619 7603 17
7607 7630 0
7648 7609 0
7649 7609 17
7601 7643 11
7640 7618 7
7639 7621 7
7619 7642 5
7612 7603 7
7624 7649 3
7600 7622 13
7644 7600 2
7608 7618 10
7622 7600 15
7618 7633 4
7625 7611 13
7649 7606 4
7623 7637 3
7642 7648 2
7614 7608 6
7611 7639 19
7643 7617 15
7644 7603 2
7641 7638 13
7641 7633 11
7623 7612 10
7603 7639 4
7639 7647 9
7606 7628 17
7608 7600 13
7621 7625 6
7614 7624 5
7627 7639 17
7603 7623 1
7638 7632 8
7602 7644 18
7602 7646 11
7647 7635 13
7618 7634 15
7628 7642 4
7614 7604 2
7620 7622 11
7637 7647 11
7634 7622 5
7606 7632 10
7630 7615 16
7634 7627 6
7614 7625 0
7646 7611 8
7622 7612 15
7602 7604 9
7637 7629 0
7601 7616 7
7628 7640 19
7633 7645 15
7626 7627 0
7632 7602 9
7619 7618 1
7646 7615 0
7609 7624 1
7606 7612 11
7605 7629 1
7630 7646 17
7635 7618 12
7648 7610 7
7612 7619 11
7613 7646 17
7611 7600 2
7705 7725 11
7702 7743 17
7736 7711 8
7730 7742 15
7747 7722 6
7714 7705 5
7710 7725 13
7717 7733 5
7735 7726 7
7728 7716 7
7729 7719 8
7704 7720 8
7706 7720 8
7710 7702 9
7716 7719 8
7739 7717 6
7701 7718 12
7744 7726 7
7710 7722 6
7722 7706 5
7736 7720 2
7704 7703 9
7737 7724 19
7737 7726 3
7726 7742 10
7727 7747 10
7715 7740 11
7718 7716 15
7743 7748 12
7704 7725 9
7747 7732 13
7710 7737 8
7735 7741 1
7720 7744 15
7701 7749 9
7702 7744 9
7720 7720 18
7742 7723 19
7710 7709 1
7732 7740 19
7733 7718 9
7719 7716 8
7700 7705 4
7739 7708 0
7700 7748 17
7708 7708 16
7728 7702 6
7742 7737 8
7724 7724 3
7742 7722 2
7737 7748 9
7722 7704 2
7729 7722 6
7710 7747 3
7732 7709 15
7703 7741 4
7713 7726 1
7718 7717 12
7709 7704 7
7735 7726 9
7710 7710 3
7718 7738 15
7721 7728 16
7713 7712 7
7710 7729 5
7732 7724 12
7734 7743 4
7744 7725 13
7747 7745 9
7729 7715 5
7748 7748 10
7702 7720 5
7720 7718 5
7720 7731 10
7743 7710 16
7728 7738 11
7731 7704 18
7748 7727 1
7722 7742 3
7833 7824 13
7821 7845 10
7821 7844 11
7829 7847 19
7815 7805 2
7903 7917 0
7921 7909 11
7937 7919 14
7916 7920 2
7916 7938 0
7914 7933 9
7907 7940 11
7917 7931 7
7915 7908 16
7901 7933 10
7909 7905 18
7933 7936 16
8038 8029 18
8037 8043 5
8041 8035 7
8047 8000 11
8034 8000 19
8038 8003 11
8001 8013 4
8041 8013 1
8039 8037 17
8032 8010 5
8006 8029 6
8012 8007 12
8042 8033 1
8034 8035 9
8040 8048 18
8040 8005 17
8049 8011 9
8019 8010 4
8003 8035 3
8003 8024 6
8035 8005 3
8012 8022 0
8037 8020 1
8006 8027 19
8048 8041 1
8044 8021 10
8037 8026 4
8003 8015 16
8040 8038 18
8048 8026 5
8038 8020 14
8008 8015 12
8048 8006 3
8023 8041 19
8027 8029 9
8015 8003 11
8048 8012 18
8017 8009 10
8006 8000 9
8030 8041 1
8020 8008 10
8047 8038 5
8044 8039 17
8043 8015 0
8048 8029 14
8016 8037 0
8036 8019 4
8049 8035 4
8022 8008 3
8004 8002 4
8035 8033 5
8038 8013 11
8001 8026 0
8014 8022 17
8001 8019 5
8036 8033 18
8018 8015 7
8036 8020 9
8017 8030 1
8019 8047 19
8027 8001 1
8030 8001 8
8033 8006 5
8010 8049 18
8011 8026 16
8042 8004 7
8028 8023 1
8042 8049 6
8025 8015 14
8039 8034 16
8006 8046 3
8046 8038 18
8040 8011 0
8028 8040 7
8018 8004 1
8013 8004 10
8006 8016 9
8004 8046 0
8007 8021 11
8029 8005 16
8018 8006 11
8017 8033 16
8030 8013 5
8032 8034 15
8023 8042 0
8043 8009 16
8004 8018 8
8035 8049 8
8003 8023 18
8011 8012 17
8020 8008 4
8001 8015 15
8049 8045 3
8025 8049 12
8013 8024 9
8115 8144 2
8113 8120 10
8134 8114 17
8131 8113 13
8111 8101 14
8135 8137 17
8121 8128 2
8123 8148 1
8120 8112 19
8125 8111 19
8124 8146 11
8134 8147 17
8132 8135 4
8119 8133 8
8127 8118 3
8149 8125 0
8203 8219 13
8237 8206 12
8230 8223 7
8315 8303 18
8311 8308 6
8336 8336 12
8344 8303 15
8325 8309 14
8323 8332 0
8326 8313 16
8342 8338 3
8333 8345 17
8301 8347 17
8337 8321 5
8312 8308 7
8342 8338 13
8341 8310 1
8348 8326 2
8317 8330 10
8311 8336 2
8333 8332 8
8300 8317 7
8349 8304 15
8322 8332 12
8304 8305 17
8310 8343 0
8340 8317 5
8312 8328 15
8300 8346 13
8340 8348 16
8311 8305 6
8348 8328 1
8310 8326 7
8314 8314 17
8315 8303 6
8330 8325 13
8329 8348 13
8335 8338 3
8334 8302 10
8347 8331 0
8323 8335 5
8329 8313 3
8310 8307 14
8310 8327 14
8323 8328 15
8311 8325 14
8346 8323 15
8305 8307 12
8310 8310 8
8335 8348 9
8311 8340 10
8321 8319 6
8312 8340 6
8316 8309 4
8342 8303 7
8326 8349 3
8340 8320 8
8308 8316 3
8300 8322 9
8337 8329 2
8306 8303 2
8336 8311 11
8345 8306 15
8322 8345 5
8343 8325 1
8349 8332 0
8446 8437 12
8405 8448 5
8403 8428 2
8444 8422 6
8415 8444 8
8418 8435 19
8433 8410 4
8420 8430 14
8413 8419 6
8543 8536 3
8537 8546 10
8502 8535 9
8509 8519 17
8512 8504 15
8543 8531 13
8535 8505 4
8505 8522 1
8537 8534 7
8502 8523 14
8505 8521 9
8522 8512 6
8519 8506 7
8542 8527 10
8537 8539 5
8506 8529 4
8505 8526 12
8531 8547 13
8500 8514 11
8538 8539 6
8511 8512 5
8605 8621 9
8615 8640 19
8623 8627 1
8639 8641 17
8602 8631 8
8646 8610 19
8600 8602 15
8621 8642 17
8604 8618 11
8630 8622 11
8616 8628 0
8611 8633 11
8617 8647 18
8605 8616 11
8602 8608 13
8634 8610 3
8629 8605 4
8621 8638 17
8648 8638 5
8605 8617 4
8634 8604 13
8647 8640 17
8611 8626 13
8647 8610 13
8603 8612 7
8604 8626 18
8607 8622 13
8642 8626 19
8605 8629 13
8621 8613 16
8627 8638 13
8609 8605 10
8608 8637 3
8615 8601 3
8609 8606 4
8605 8630 4
8638 8633 10
8627 8620 0
8606 8601 17
8649 8636 3
8625 8609 12
8607 8641 7
8645 8618 13
8614 8618 2
8645 8600 16
8626 8602 4
8610 8629 11
8629 8639 8
8642 8640 8
8600 8629 6
8618 8606 15
8632 8608 17
8648 8627 5
8627 8631 13
8614 8614 4
8620 8625 7
8613 8635 14
8602 8633 18
8620 8608 11
8625 8601 16
8629 8633 6
8611 8636 19
8646 8633 2
8618 8634 11
8644 8643 19
8623 8627 13
8603 8638 0
8630 8610 5
8605 8645 1
8615 8610 5
8626 8623 1
8629 8637 6
8601 8633 11
8615 8602 0
8643 8601 0
8613 8606 8
8609 8608 0
8606 8630 2
8606 8616 16
8640 8607 10
8636 8625 2
8602 8648 9
8624 8622 16
8622 8611 8
8644 8626 9
8601 8618 3
8615 8641 6
8640 8603 8
8637 8637 9
8606 8641 18
8620 8643 16
8630 8613 15
8623 8617 9
8641 8606 5
8609 8633 5
8611 8616 2
8618 8632 7
8700 8726 13
8728 8720 8
8737 8714 17
8702 8723 4
8707 8748 1
8726 8711 13
8737 8707 12
8743 8716 16
8713 8700 6
8737 8743 0
8746 8729 18
8749 8740 5
8719 8748 1
8734 8745 1
8711 8748 0
8705 8700 19
8734 8703 5
8731 8736 18
8715 8749 13
8715 8704 3
8708 8713 12
8708 8705 14
8722 8725 11
8748 8745 3
8708 8704 13
8736 8726 4
8727 8720 18
8716 8724 14
8749 8740 16
8712 8713 16
8719 8705 18
8707 8747 17
8737 8720 9
8710 8704 15
8705 8726 3
8714 8736 9
8726 8735 16
8718 8735 16
8718 8705 11
8749 8721 5
8726 8709 10
8706 8712 8
8725 8706 17
8715 8734 15
8719 8739 6
8719 8720 18
8744 8713 0
8745 8721 3
8748 8703 9
8700 8719 6
8724 8700 3
8747 8743 9
8749 8740 3
8726 8742 0
8747 8711 11
8729 8735 13
8733 8739 4
8736 8708 10
8745 8739 7
8728 8718 14
8747 8715 19
8811 8837 14
8842 8836 2
8827 8814 9
8832 8828 16
8801 8835 2
8811 8834 6
8809 8830 2
8846 8823 0
8822 8843 6
8802 8826 4
8832 8819 11
8830 8837 14
8814 8841 1
8832 8837 7
8835 8824 18
8830 8818 1
8831 8801 10
8826 8808 17
8814 8818 18
8802 8845 9
8811 8847 13
8828 8829 10
8801 8824 10
8841 8844 10
8800 8835 5
8819 8821 9
8821 8848 14
8841 8826 1
8844 8806 9
8827 8802 5
8849 8826 2
8830 8823 14
8806 8800 0
8848 8822 9
8824 8834 14
8818 8821 0
8828 8811 14
8848 8804 16
8831 8839 3
8827 8806 18
8809 8837 0
8820 8843 17
8830 8841 2
8811 8832 3
8811 8826 16
8821 8825 12
8828 8835 10
8845 8829 4
8827 8830 15
8845 8832 4
8808 8830 18
8848 8810 19
8843 8815 6
8819 8822 1
8821 8848 2
8831 8824 10
8808 8804 5
8848 8820 9
8811 8814 6
8828 8847 11
8823 8801 13
8820 8847 5
8848 8817 10
8813 8819 6
8836 8808 13
8807 8829 16
8828 8804 15
8837 8805 0
8847 8848 12
8829 8836 13
8827 8800 5
8826 8817 3
8800 8847 1
8805 8828 5
8803 8804 11
8810 8826 3
8809 8837 3
8836 8840 10
8823 8834 2
8849 8845 1
8802 8802 16
8919 8948 6
9032 9036 2
9003 9021 12
9035 9039 7
9024 9006 13
9025 9011 2
9038 9023 12
9017 9038 4
9043 9031 17
9041 9004 4
9042 9021 15
9035 9038 6
9013 9042 3
9008 9004 1
9013 9008 18
9047 9010 11
9116 9143 13
9112 9146 9
9133 9121 15
9110 9108 0
9136 9130 19
9106 9142 5
9118 9145 2
9110 9109 11
9110 9102 6
9130 9146 9
9113 9119 1
9110 9132 12
9106 9101 15
9148 9125 14
9122 9117 12
9129 9105 3
9108 9148 1
9129 9101 0
9103 9101 1
9117 9110 19
9140 9125 13
9115 9128 8
9100 9108 0
9128 9112 11
9136 9138 19
9130 9117 2
9118 9116 2
9114 9147 19
9119 9114 1
9145 9140 0
9107 9106 1
9128 9127 13
9118 9117 4
9111 9118 1
9129 9126 4
9116 9139 5
9108 9144 17
9103 9138 14
9139 9119 13
9110 9133 3
9100 9141 12
9141 9137 1
9125 9143 3
9116 9135 16
9105 9121 6
9111 9129 4
9114 9138 14
9110 9126 0
9101 9146 7
9119 9103 11
9139 9114 3
9130 9120 15
9142 9111 9
9104 9139 16
9141 9113 0
9115 9101 4
9133 9130 15
9109 9106 9
9129 9142 10
9111 9138 16
9143 9121 10
9110 9147 14
9115 9139 15
9122 9119 6
9103 9141 17
9107 9103 5
9127 9140 19
9145 9142 12
9103 9139 9
9118 9102 11
9108 9138 5
9120 9132 9
9103 9104 16
9120 9102 19
9147 9104 13
9103 9121 18
9241 9245 5
9234 9220 6
9211 9208 16
9201 9218 19
9229 9233 19
9243 9220 14
9231 9231 16
9200 9225 15
9221 9229 6
9232 9203 3
9237 9211 19
9224 9225 14
9215 9233 2
9202 9224 18
9205 9214 9
9239 9237 1
9240 9248 13
9225 9248 16
9227 9229 7
9229 9223 0
9221 9241 19
9303 9312 12
9338 9317 13
9328 9341 16
9346 9313 8
9344 9309 4
9314 9340 16
9325 9324 5
9314 9321 18
9336 9319 6
9304 9305 12
9344 9304 13
9320 9334 16
9328 9315 4
9323 9331 13
9310 9302 10
9329 9301 0
9348 9314 6
9305 9326 8
9318 9321 17
9317 9306 12
9321 9324 12
9308 9300 12
9322 9315 15
9343 9326 16
9348 9313 14
9348 9346 6
9334 9310 17
9300 9315 3
9342 9308 9
9335 9337 2
9325 9300 16
9308 9319 4
9337 9306 18
9336 9345 15
9324 9323 6
9330 9326 15
9344 9301 4
9325 9340 19
9319 9325 10
9336 9341 0
9312 9302 18
9327 9342 19
9312 9314 16
9321 9304 3
9334 9309 17
9339 9340 16
9333 9331 0
9307 9320 12
9332 9306 2
9310 9343 2
9328 9341 11
9336 9327 13
9322 9303 17
9342 9341 10
9332 9318 7
9316 9317 10
9324 9331 6
9314 9339 14
9307 9332 7
9300 9346 7
9326 9315 6
9333 9337 8
9333 9338 15
9316 9331 5
9344 9345 14
9324 9314 16
9339 9316 17
9327 9320 10
9334 9301 11
9317 9344 12
9343 9334 4
9302 9303 2
9309 9309 18
9317 9340 10
9306 9339 18
9329 9318 11
9325 9304 15
9319 9307 2
9324 9304 0
9337 9325 2
9437 9449 19
9424 9427 0
9447 9422 16
9438 9411 18
9428 9405 10
9434 9410 3
9418 9423 2
9442 9444 14
9417 9423 2
9442 9413 2
9437 9416 9
9414 9421 13
9444 9421 17
9432 9410 11
9424 9405 5
9422 9432 4
9401 9429 0
9409 9445 15
9409 9415 6
9408 9440 15
9407 9400 4
9440 9410 14
9420 9419 14
9405 9421 5
9406 9410 11
9406 9408 12
9425 9438 3
9446 9441 4
9435 9403 9
9447 9413 3
9438 9404 6
9407 9448 3
9444 9445 12
9421 9411 14
9419 9418 3
9435 9425 11
9449 9443 8
9429 9439 2
9402 9449 2
9418 9432 12
9420 9449 11
9400 9407 1
9402 9410 16
9436 9406 15
9432 9427 18
9436 9414 7
9439 9430 2
9433 9418 16
9438 9432 5
9443 9432 8
9437 9445 13
9439 9434 17
9420 9409 18
9449 9425 19
9424 9412 10
9410 9407 12
9424 9430 0
9438 9434 8
9400 9423 8
9429 9413 0
9415 9427 11
9423 9435 14
9438 9442 18
9449 9417 0
9446 9442 7
9413 9437 18
9410 9435 2
9402 9428 8
9419 9400 9
9403 9437 16
9428 9401 1
9429 9445 5
9405 9410 6
9440 9401 14
9445 9421 5
9449 9448 10
9409 9448 3
9434 9427 0
9547 9532 17
9524 9518 4
9503 9543 18
9546 9514 8
9515 9543 8
9544 9526 12
9505 9549 10
9514 9513 16
9518 9539 3
9542 9502 9
9500 9530 11
9541 9549 6
9518 9511 3
9510 9506 1
9515 9530 6
9545 9538 16
9518 9505 4
9501 9519 4
9505 9529 3
9503 9528 1
9548 9536 15
9509 9510 11
9549 9535 5
9520 9542 19
9537 9541 7
9522 9532 6
9520 9527 5
9504 9525 18
9517 9507 2
9541 9501 4
9524 9522 16
9501 9511 10
9526 9527 17
9505 9537 1
9529 9538 2
9501 9540 3
9541 9544 3
9512 9543 12
9506 9539 4
9506 9503 5
9538 9536 11
9546 9546 13
9545 9549 5
9532 9514 18
9513 9513 2
9517 9540 3
9518 9528 12
9508 9510 0
9527 9532 0
9533 9547 12
9539 9530 1
9505 9542 13
9540 9537 18
9538 9505 7
9508 9545 12
9531 9505 19
9549 9525 12
9530 9539 14
9549 9549 6
9524 9534 17
9539 9520 8
9521 9544 17
9532 9534 5
9511 9534 12
9524 9544 14
9523 9544 2
9515 9531 19
9502 9513 18
9503 9502 15
9523 9535 19
9533 9545 19
9548 9531 18
9500 9508 10
9534 9543 7
9514 9525 10
9513 9500 8
9510 9520 0
9519 9516 14
9535 9530 9
9512 9533 0
9505 9501 16
9505 9548 16
9507 9538 14
9504 9509 10
9502 9505 0
9517 9504 8
9500 9511 12
9530 9511 12
9510 9539 12
9547 9512 0
9538 9549 7
9524 9547 4
9643 9604 9
9622 9643 0
9635 9645 12
9615 9635 5
9601 9616 15
9635 9612 9
9620 9649 11
9642 9600 1
9647 9611 6
9621 9601 19
9605 9643 1
9603 9629 18
9627 9642 0
9607 9626 2
9616 9644 17
9611 9632 8
9615 9606 5
9628 9616 19
9629 9622 16
9632 9634 11
9637 9635 1
9643 9626 12
9648 9628 8
9637 9614 12
9639 9630 4
9638 9631 4
9645 9613 17
9607 9638 18
9627 9632 3
9639 9622 18
9614 9625 2
9622 9622 15
9611 9620 15
9646 9621 17
9636 9601 5
9628 9624 12
9616 9640 12
9644 9644 18
9618 9625 7
9609 9639 6
9635 9645 3
9605 9636 17
9641 9602 7
9642 9614 0
9621 9600 19
9606 9620 3
9611 9635 14
9625 9627 16
9634 9649 19
9642 9638 16
9615 9622 12
9617 9608 6
9605 9608 1
9634 9610 7
9618 9644 4
9605 9644 10
9624 9636 15
9643 9648 5
9612 9646 2
9600 9643 9
9620 9641 0
9601 9623 14
9740 9738 16
9717 9713 16
9732 9739 6
9700 9716 6
9716 9748 1
9728 9730 7
9740 9742 7
9712 9715 0
9707 9711 15
9745 9744 5
9730 9712 10
9730 9716 8
9728 9720 3
9726 9709 18
9707 9716 8
9730 9731 11
9744 9738 9
9747 9742 16
9815 9832 14
9829 9806 5
9834 9830 14
9800 9837 15
9811 9824 19
9802 9833 17
9848 9847 10
9828 9831 13
9831 9807 6
9825 9833 9
9803 9829 18
9802 9805 10
9833 9842 7
9823 9811 9
9806 9828 13
9832 9807 12
9844 9846 13
9829 9838 1
9814 9833 9
9847 9806 4
9813 9827 3
9820 9824 6
9826 9849 6
9838 9832 12
9800 9803 19
9828 9812 15
9819 9802 2
9817 9848 7
9849 9803 11
9831 9846 7
9827 9810 19
9818 9825 8
9836 9838 0
9811 9829 9
9834 9807 8
9843 9807 2
9812 9814 0
9832 9837 12
9830 9814 3
9848 9817 5
9830 9800 2
9805 9848 19
9840 9812 3
9841 9830 10
9806 9803 5
9831 9824 3
9827 9830 17
9842 9819 11
9820 9824 16
9840 9843 0
9809 9847 12
9811 9809 17
9807 9832 18
9814 9842 11
9805 9840 6
9816 9806 0
9817 9840 14
9844 9845 9
9840 9835 10
9815 9828 11
9814 9835 1
9841 9842 7
9812 9807 5
9844 9847 14
9846 9817 8
9842 9836 8
9848 9845 1
9831 9807 3
9847 9834 9
9809 9833 8
9841 9841 5
9806 9849 5
9837 9840 18
9943 9910 2
10039 10001 17
10015 10042 19
10049 10034 2
10019 10028 14
10038 10003 16
10029 10032 2
10039 10012 14
10021 10024 11
10030 10048 5
10032 10009 10
10032 10048 8
10002 10045 10
10041 10013 6
10004 10013 18
10015 10036 4
10044 10046 8
10048 10043 0
10048 10049 8
10027 10037 12
10016 10012 12
10016 10004 10
10022 10030 0
10030 10005 13
10026 10047 18
10047 10011 15
10015 10015 2
10002 10000 11
10008 10039 12
10014 10033 18
10017 10030 3
10023 10020 6
10002 10017 2
10048 10016 7
10040 10000 16
10041 10036 6
10013 10023 6
10000 10046 0
10003 10002 15
10024 10030 12
10038 10010 9
10047 10049 17
10020 10019 16
10025 10008 2
10011 10049 12
10029 10034 16
10002 10002 12
10013 10000 0
10005 10033 4
10018 10023 0
10000 10006 4
10003 10014 1
10010 10017 16
10012 10004 7
10030 10023 6
10004 10029 3
10021 10021 13
10003 10008 18
10016 10029 12
10012 10002 11
10039 10040 18
10044 10025 15
10015 10007 15
10044 10024 1
10001 10026 0
10028 10019 10
10012 10003 5
10046 10027 0
10011 10048 4
10019 10038 6
10032 10006 5
10026 10026 8
