5264
124 105 17
142 137 9
119 142 17
148 114 10
223 200 16
232 244 6
240 233 4
209 237 12
238 216 10
236 239 16
236 221 0
215 200 9
243 214 18
204 206 17
219 241 3
204 249 9
238 246 11
245 239 12
242 248 13
243 227 9
313 319 13
327 338 7
343 301 2
315 343 5
301 329 7
331 308 10
300 304 5
319 319 16
343 306 11
310 320 11
326 340 4
310 334 3
300 344 8
337 345 13
340 319 10
304 322 13
311 313 13
334 348 6
348 323 5
335 318 12
306 312 19
305 319 10
344 317 6
319 304 19
349 318 13
329 347 19
313 317 9
316 336 15
342 339 19
315 326 5
346 344 16
327 338 1
340 327 1
330 302 10
320 323 15
326 342 16
328 331 2
319 343 4
335 318 8
329 337 6
323 305 8
305 338 15
341 300 8
342 346 0
340 329 5
328 343 8
336 325 0
345 337 10
312 325 0
304 304 12
338 309 4
306 347 16
307 317 7
321 323 12
304 343 6
326 348 17
344 325 0
348 319 15
314 317 5
317 314 10
342 333 0
301 304 5
310 338 10
314 338 1
341 339 12
331 300 18
322 341 14
345 346 6
325 316 6
337 304 4
342 332 11
301 318 12
343 340 13
348 336 15
321 328 11
309 309 13
316 325 2
316 312 6
340 341 0
302 329 8
417 430 18
446 401 14
433 441 10
437 426 16
406 436 16
408 439 15
426 427 13
445 418 15
410 405 5
436 417 16
449 434 15
421 440 8
547 509 2
539 511 12
520 541 0
547 521 1
507 545 2
534 543 6
504 512 13
502 512 10
523 521 13
538 513 1
547 549 1
504 518 1
512 503 0
509 546 12
537 515 13
536 536 0
524 506 1
517 523 4
530 504 3
525 539 5
510 508 8
514 544 18
523 507 7
507 505 3
528 507 9
540 519 4
537 534 18
525 500 5
538 537 16
537 541 6
505 534 18
635 641 9
637 648 6
619 641 4
644 627 14
605 623 10
621 607 15
623 619 3
638 614 11
639 609 18
629 600 0
638 647 14
618 615 14
642 615 1
646 608 7
637 632 17
609 615 14
606 615 13
620 600 12
639 628 5
617 649 17
645 609 18
628 608 9
610 622 2
647 624 12
623 617 5
637 614 17
607 641 18
639 627 0
601 627 17
601 626 15
618 647 10
634 619 3
625 610 13
636 620 17
630 600 9
620 648 10
639 626 9
637 619 15
609 642 14
612 608 12
623 627 10
623 612 15
627 604 9
618 635 11
635 614 5
604 617 10
631 627 7
626 616 3
643 624 11
624 617 3
631 600 3
607 637 13
637 603 3
617 634 0
633 631 11
620 626 17
621 605 10
638 608 4
605 616 10
642 617 11
602 618 13
613 645 5
611 637 5
648 649 10
639 630 9
719 705 16
704 737 19
714 709 2
707 723 15
701 711 19
711 702 5
714 711 7
814 846 10
813 810 8
812 818 10
842 826 8
828 823 10
847 806 13
800 811 7
818 800 2
835 803 6
828 818 16
835 832 6
826 849 13
814 814 11
821 804 1
848 829 7
848 814 10
823 822 4
826 830 12
805 813 3
831 828 0
801 801 9
834 808 14
807 849 15
827 801 10
845 806 0
848 800 14
840 821 3
815 821 7
806 829 13
846 810 18
848 809 19
810 814 13
813 830 16
825 805 2
821 828 13
846 827 6
816 846 17
844 821 5
804 848 9
815 828 13
812 802 8
830 806 11
826 846 13
812 812 4
848 802 11
825 847 8
804 844 4
832 837 10
815 807 19
804 802 16
801 833 8
830 826 0
826 828 19
807 815 7
816 817 8
838 801 11
819 814 3
840 846 14
849 823 19
814 831 7
826 801 18
830 842 18
814 820 16
824 809 3
849 838 11
823 825 10
843 842 8
824 819 1
816 846 2
831 838 0
823 839 5
800 806 3
800 842 7
823 820 17
846 806 8
831 809 11
819 816 15
837 845 12
801 822 17
803 847 12
820 815 10
806 821 8
819 805 17
815 815 13
845 824 0
842 806 8
813 806 10
808 812 7
910 900 19
931 900 14
908 946 9
934 917 5
940 930 18
916 933 1
929 938 8
922 925 15
909 927 6
910 946 3
912 917 9
907 944 7
939 936 12
935 941 7
937 933 0
938 916 6
937 921 7
916 903 11
915 943 13
921 926 17
925 933 14
940 945 1
923 942 2
910 920 11
944 945 15
931 918 2
920 936 9
913 907 13
930 901 2
909 917 18
920 903 17
935 948 14
942 944 0
924 919 14
903 927 17
911 907 3
939 924 3
945 928 11
913 936 18
943 903 18
923 944 18
932 908 13
907 913 14
917 901 0
927 944 11
913 943 5
932 945 18
926 942 14
911 901 10
913 908 3
908 911 2
908 949 14
927 943 5
905 938 9
938 947 12
913 930 4
924 925 12
907 934 16
910 934 11
937 905 4
918 934 15
937 915 16
934 947 5
939 916 16
945 914 3
941 904 17
905 925 8
927 938 7
920 904 17
1042 1049 12
1021 1030 18
1033 1032 11
1017 1040 18
1013 1041 4
1036 1041 11
1020 1035 17
1030 1035 1
1044 1026 12
1036 1004 7
1025 1014 17
1022 1034 14
1017 1010 6
1043 1025 0
1010 1014 7
1032 1018 17
1048 1023 14
1046 1029 6
1031 1000 17
1000 1026 18
1041 1045 9
1004 1026 18
1014 1047 16
1003 1015 10
1006 1004 7
1030 1037 16
1026 1017 12
1037 1002 0
1040 1012 12
1039 1034 1
1000 1009 6
1012 1039 16
1024 1038 13
1040 1015 0
1031 1045 9
1043 1016 2
1019 1021 1
1008 1014 17
1134 1136 3
1138 1133 0
1149 1125 2
1137 1143 1
1130 1103 2
1121 1116 11
1130 1116 2
1136 1104 5
1108 1117 1
1126 1104 1
1120 1102 8
1125 1144 15
1146 1114 13
1100 1147 17
1116 1125 2
1148 1107 3
1103 1141 13
1133 1125 16
1105 1131 9
1142 1136 2
1115 1129 2
1113 1149 18
1145 1123 12
1136 1112 18
1133 1108 14
1124 1143 11
1115 1117 16
1140 1135 7
1133 1145 7
1135 1103 14
1114 1145 5
1140 1130 9
1103 1114 0
1111 1149 13
1122 1109 9
1141 1131 3
1112 1122 5
1206 1247 15
1245 1219 0
1243 1206 6
1235 1230 6
1217 1235 16
1214 1216 6
1209 1248 4
1203 1217 9
1236 1203 7
1201 1232 14
1216 1241 4
1219 1222 3
1201 1210 19
1205 1245 7
1247 1235 3
1213 1201 13
1244 1228 19
1217 1249 11
1244 1234 1
1240 1200 12
1321 1342 0
1344 1320 3
1346 1349 0
1345 1325 2
1313 1314 17
1325 1304 12
1344 1303 15
1330 1335 9
1349 1330 16
1347 1302 16
1302 1329 16
1329 1311 5
1330 1307 2
1329 1311 15
1344 1301 12
1306 1313 18
1307 1339 10
1338 1335 8
1336 1309 17
1328 1307 15
1328 1337 2
1316 1341 18
1327 1321 4
1315 1349 8
1346 1305 13
1336 1346 18
1328 1324 0
1307 1339 10
1316 1310 19
1344 1328 19
1332 1339 7
1342 1341 8
1338 1323 14
1304 1347 9
1316 1307 13
1319 1339 1
1309 1312 12
1331 1343 9
1325 1343 12
1301 1347 18
1320 1348 18
1307 1329 3
1344 1301 6
1320 1300 15
1343 1341 13
1323 1314 10
1326 1308 4
1334 1342 12
1306 1335 3
1323 1313 4
1338 1311 10
1336 1308 12
1327 1326 13
1330 1341 11
1337 1306 13
1318 1308 5
1305 1328 1
1338 1313 9
1301 1300 4
1439 1420 12
1444 1407 16
1413 1400 6
1521 1504 7
1509 1549 1
1522 1545 16
1500 1506 13
1514 1521 7
1526 1519 7
1502 1507 12
1506 1500 10
1536 1542 9
1511 1529 2
1526 1510 9
1520 1513 1
1538 1532 18
1515 1527 11
1500 1536 4
1528 1501 11
1508 1540 8
1525 1540 14
1524 1525 4
1549 1517 18
1540 1542 0
1526 1543 12
1525 1505 16
1531 1526 0
1546 1542 8
1506 1532 17
1527 1539 1
1530 1549 6
1531 1514 11
1541 1525 18
1517 1522 2
1532 1514 6
1504 1505 0
1513 1500 15
1548 1511 16
1538 1523 4
1520 1526 3
1516 1539 10
1503 1548 16
1538 1510 14
1548 1505 15
1501 1514 17
1530 1549 1
1533 1518 16
1510 1504 9
1529 1546 18
1514 1546 13
1510 1505 4
1517 1541 1
1519 1507 13
1510 1543 2
1503 1521 11
1518 1520 4
1549 1507 18
1521 1502 9
1541 1532 17
1507 1525 7
1512 1522 14
1504 1518 14
1539 1515 18
1519 1547 6
1524 1526 19
1549 1545 7
1534 1523 3
1535 1537 8
1519 1518 10
1528 1517 4
1535 1531 9
1513 1512 14
1547 1538 19
1519 1505 11
1549 1521 19
1536 1508 18
1548 1513 16
1512 1519 14
1529 1540 9
1544 1527 14
1545 1546 8
1537 1529 0
1545 1511 9
1520 1519 16
1519 1536 3
1504 1526 8
1518 1546 17
1521 1526 0
1544 1536 16
1549 1518 10
1545 1524 13
1518 1524 13
1548 1521 19
1514 1523 7
1634 1602 7
1602 1639 3
1623 1623 9
1621 1646 3
1635 1636 15
1648 1630 5
1614 1649 16
1641 1605 7
1633 1618 13
1644 1640 14
1600 1609 7
1605 1633 10
1633 1608 12
1623 1630 9
1615 1615 9
1642 1612 3
1613 1641 19
1644 1642 12
1625 1637 8
1601 1623 7
1643 1620 19
1625 1610 1
1608 1609 0
1615 1615 19
1603 1626 12
1629 1641 6
1626 1605 10
1632 1631 12
1630 1605 14
1634 1641 0
1623 1610 11
1613 1636 9
1602 1609 5
1640 1614 19
1603 1643 14
1629 1608 11
1605 1622 7
1640 1613 19
1604 1606 13
1606 1635 3
1647 1600 15
1646 1639 16
1602 1622 11
1625 1647 6
1645 1616 12
1615 1628 19
1636 1617 2
1647 1639 19
1644 1634 13
1635 1608 2
1638 1644 1
1626 1639 12
1641 1635 12
1602 1645 19
1612 1608 17
1625 1624 19
1616 1614 15
1649 1643 0
1627 1620 14
1618 1611 5
1631 1649 12
1602 1631 4
1616 1635 7
1641 1642 3
1606 1639 18
1649 1611 13
1625 1639 4
1602 1637 14
1639 1632 11
1610 1606 5
1649 1609 13
1605 1630 5
1638 1603 12
1617 1648 17
1630 1645 12
1601 1638 0
1645 1619 8
1623 1621 5
1635 1630 18
1639 1635 13
1623 1634 7
1647 1604 1
1639 1628 5
1601 1600 6
1617 1622 7
1602 1634 0
1610 1636 10
1642 1614 12
1636 1647 19
1629 1603 17
1619 1626 5
1627 1639 2
1624 1647 14
1607 1615 14
1611 1635 6
1629 1619 1
1638 1621 17
1604 1645 0
1601 1612 7
1642 1611 7
1727 1703 8
1717 1705 2
1711 1710 3
1700 1724 0
1724 1707 17
1728 1744 1
1707 1731 12
1748 1738 7
1730 1701 10
1708 1701 3
1715 1721 10
1740 1741 7
1737 1725 8
1735 1705 4
1701 1710 19
1735 1741 5
1744 1746 15
1708 1719 4
1718 1724 15
1744 1729 12
1741 1706 10
1742 1729 17
1722 1721 11
1740 1702 13
1726 1706 8
1741 1701 1
1748 1724 9
1721 1749 16
1736 1717 9
1748 1727 2
1711 1745 6
1715 1729 15
1725 1744 13
1727 1715 10
1709 1727 1
1712 1721 1
1711 1710 4
1720 1714 1
1720 1742 19
1846 1812 16
1846 1812 0
1838 1837 17
1817 1816 18
1832 1813 2
1806 1848 7
1810 1838 2
1832 1834 11
1810 1843 15
1839 1844 7
1814 1820 3
1803 1822 2
1829 1843 10
1810 1800 17
1825 1809 5
1841 1820 14
1834 1805 16
1819 1802 0
1821 1833 0
1842 1847 4
1814 1830 17
1847 1845 6
1833 1844 18
1807 1825 6
1841 1827 14
1822 1849 0
1802 1829 14
1804 1833 7
1826 1839 11
1821 1818 3
1805 1825 9
1826 1841 1
1831 1830 8
1832 1836 9
1849 1836 12
1823 1818 0
1819 1807 8
1816 1819 17
1848 1810 8
1814 1822 15
1813 1815 8
1848 1839 5
1836 1826 17
1830 1832 8
1817 1805 15
1821 1825 10
1835 1803 15
1804 1805 16
1846 1834 14
1811 1842 6
1849 1843 7
1829 1826 0
1801 1830 8
1845 1812 14
1817 1829 17
1833 1816 3
1811 1805 14
1821 1845 3
1833 1844 14
1844 1833 3
1818 1828 6
1811 1840 13
1843 1829 1
1810 1845 19
1828 1840 19
1833 1842 14
1834 1847 17
1815 1846 10
1816 1842 9
1823 1820 9
1804 1849 9
1817 1849 7
1828 1839 7
1811 1814 17
1835 1816 11
1933 1915 3
1922 1927 0
1916 1919 3
1926 1920 16
1917 1923 4
1921 1906 16
1947 1925 10
1945 1930 1
1905 1928 17
1943 1945 6
1942 1915 9
1925 1936 13
1927 1922 13
2025 2000 15
2016 2021 16
2034 2002 1
2043 2029 9
2024 2040 2
2008 2003 0
2021 2011 2
2033 2032 15
2049 2040 2
2036 2034 0
2044 2008 4
2009 2024 14
2028 2042 13
2027 2006 16
2027 2008 0
2013 2001 3
2049 2038 5
2019 2005 0
2046 2000 11
2108 2132 0
2120 2129 11
2120 2144 11
2143 2113 9
2128 2135 16
2116 2126 5
2108 2119 16
2111 2106 19
2101 2104 6
2149 2108 4
2130 2130 9
2141 2107 18
2128 2116 15
2142 2130 10
2131 2133 18
2143 2130 13
2140 2149 17
2103 2138 15
2118 2134 6
2105 2114 11
2139 2148 5
2142 2102 9
2146 2146 1
2119 2110 3
2121 2146 3
2119 2101 10
2144 2127 16
2148 2117 4
2112 2101 17
2120 2116 19
2132 2131 8
2121 2132 14
2144 2128 4
2135 2149 8
2132 2113 18
2101 2132 16
2128 2143 9
2133 2134 9
2100 2106 5
2143 2122 9
2148 2123 16
2111 2107 18
2115 2118 8
2138 2100 7
2106 2102 3
2140 2141 11
2143 2143 4
2136 2143 12
2115 2144 8
2132 2108 19
2102 2111 4
2100 2126 8
2219 2211 10
2210 2221 3
2203 2237 14
2201 2221 5
2225 2247 10
2235 2246 8
2237 2243 5
2239 2219 4
2230 2246 17
2228 2243 11
2218 2209 2
2247 2204 10
2222 2234 7
2214 2237 11
2208 2229 13
2310 2319 14
2335 2336 8
2315 2319 19
2301 2318 8
2305 2316 1
2343 2310 16
2344 2321 13
2334 2338 12
2305 2323 1
2331 2338 11
2302 2339 3
2326 2325 11
2338 2317 10
2310 2323 7
2306 2349 16
2321 2346 12
2346 2329 3
2318 2347 16
2347 2320 11
2336 2333 6
2312 2309 7
2341 2303 5
2339 2334 19
2302 2313 4
2306 2303 1
2331 2313 11
2303 2308 6
2338 2300 9
2321 2340 16
2306 2324 16
2348 2340 3
2318 2321 19
2345 2348 11
2307 2314 19
2347 2315 11
2302 2319 3
2339 2316 5
2306 2343 7
2322 2313 2
2310 2331 18
2334 2301 7
2341 2309 18
2320 2332 16
2338 2319 5
2326 2330 10
2332 2343 18
2347 2339 7
2307 2327 19
2307 2336 3
2311 2349 1
2325 2313 14
2321 2326 9
2312 2312 0
2308 2320 1
2311 2303 8
2346 2325 18
2330 2339 5
2306 2325 13
2306 2306 16
2303 2326 11
2309 2344 17
2347 2305 16
2311 2342 15
2433 2435 12
2427 2444 2
2408 2429 17
2413 2434 12
2407 2427 12
2438 2425 16
2449 2416 5
2438 2413 1
2401 2444 0
2408 2430 19
2420 2419 5
2442 2424 3
2433 2430 2
2443 2416 11
2437 2432 7
2403 2415 13
2441 2413 7
2442 2433 9
2412 2420 7
2401 2435 0
2419 2438 8
2406 2420 16
2444 2442 12
2438 2413 14
2434 2404 2
2411 2402 17
2407 2400 15
2426 2409 19
2443 2419 16
2423 2415 12
2415 2440 8
2411 2401 5
2418 2428 17
2419 2442 9
2446 2442 1
2444 2425 11
2419 2404 2
2403 2415 18
2413 2403 14
2442 2448 2
2405 2430 6
2410 2449 15
2414 2430 12
2424 2428 1
2409 2419 18
2402 2422 14
2448 2442 11
2401 2434 13
2424 2437 16
2404 2441 19
2425 2445 15
2447 2412 8
2412 2425 3
2422 2411 13
2414 2402 7
2448 2412 4
2441 2407 11
2408 2428 17
2428 2441 5
2422 2423 19
2431 2440 12
2441 2444 19
2431 2415 7
2440 2414 17
2441 2423 6
2411 2432 16
2402 2401 15
2438 2423 14
2420 2407 13
2410 2448 5
2412 2441 17
2435 2415 4
2443 2436 15
2438 2423 19
2423 2400 8
2435 2410 8
2445 2411 4
2445 2430 17
2444 2440 12
2435 2413 17
2434 2432 14
2417 2412 17
2440 2442 18
2431 2424 19
2403 2443 17
2403 2412 3
2429 2425 13
2402 2423 1
2536 2524 15
2500 2523 17
2504 2531 17
2523 2517 6
2510 2512 12
2545 2516 8
2532 2534 18
2513 2501 17
2543 2539 18
2524 2525 18
2500 2501 1
2504 2537 7
2537 2523 6
2544 2532 15
2504 2505 13
2548 2503 17
2546 2531 1
2510 2546 16
2543 2531 2
2534 2528 15
2544 2517 5
2527 2544 8
2507 2541 19
2536 2525 2
2519 2546 1
2512 2503 19
2545 2543 2
2540 2544 17
2514 2515 11
2506 2549 13
2516 2526 4
2506 2503 19
2547 2507 19
2518 2512 12
2516 2514 0
2514 2544 11
2503 2538 11
2500 2548 7
2538 2544 13
2517 2530 1
2505 2530 0
2536 2533 6
2548 2549 5
2544 2528 5
2517 2536 2
2508 2547 18
2511 2520 2
2521 2503 10
2510 2547 5
2536 2510 14
2548 2525 17
2523 2512 10
2517 2501 4
2548 2523 2
2523 2516 7
2528 2546 1
2544 2514 14
2516 2536 10
2516 2549 18
2549 2504 17
2530 2532 8
2519 2514 1
2500 2529 13
2512 2507 1
2508 2516 5
2508 2502 8
2528 2522 12
2521 2529 5
2527 2517 10
2522 2510 12
2534 2531 9
2529 2516 11
2532 2516 6
2549 2531 19
2514 2533 19
2529 2545 8
2501 2549 14
2531 2534 4
2542 2507 1
2532 2518 17
2505 2511 18
2520 2518 9
2536 2519 4
2549 2544 17
2547 2507 19
2536 2506 14
2517 2533 8
2533 2505 4
2531 2533 5
2507 2523 2
2618 2602 2
2619 2619 13
2644 2609 14
2636 2646 3
2648 2632 11
2621 2606 15
2647 2600 12
2647 2603 8
2627 2615 3
2645 2633 17
2614 2635 9
2630 2623 16
2618 2646 9
2620 2601 1
2641 2619 3
2604 2623 15
2626 2621 1
2637 2640 5
2619 2628 12
2635 2631 15
2605 2632 0
2648 2620 5
2617 2617 18
2610 2645 15
2618 2642 6
2643 2642 13
2641 2622 19
2608 2648 3
2610 2622 3
2600 2619 1
2626 2642 11
2627 2642 15
2648 2641 17
2605 2645 6
2614 2630 5
2602 2641 13
2641 2613 1
2609 2606 14
2623 2637 10
2626 2614 5
2641 2619 15
2610 2608 13
2601 2618 19
2647 2603 6
2608 2642 18
2642 2621 9
2647 2648 14
2642 2622 16
2635 2642 3
2624 2638 3
2637 2637 11
2643 2649 19
2612 2636 3
2642 2605 2
2633 2647 10
2626 2622 17
2603 2630 16
2631 2635 9
2600 2624 10
2614 2616 6
2605 2646 9
2607 2637 6
2747 2727 3
2718 2704 18
2735 2716 14
2729 2704 19
2704 2711 18
2709 2711 1
2737 2700 16
2710 2738 9
2719 2715 15
2715 2716 4
2733 2707 14
2725 2705 16
2713 2712 14
2726 2710 11
2700 2735 14
2701 2742 8
2737 2716 11
2725 2721 6
2733 2701 15
2742 2705 4
2748 2738 13
2710 2707 4
2747 2701 12
2747 2704 6
2716 2729 1
2722 2711 10
2723 2712 13
2724 2747 2
2724 2708 1
2722 2742 7
2741 2709 4
2715 2722 19
2703 2710 14
2702 2745 5
2719 2705 18
2728 2727 9
2707 2749 12
2742 2724 2
2746 2703 18
2737 2733 0
2710 2740 6
2716 2701 19
2735 2743 11
2734 2706 1
2744 2727 2
2727 2742 14
2735 2718 2
2731 2712 12
2733 2724 6
2725 2733 1
2747 2749 9
2815 2801 7
2800 2838 5
2809 2817 18
2831 2842 2
2833 2831 10
2810 2801 11
2824 2802 6
2849 2845 12
2848 2836 10
2841 2825 12
2814 2828 2
2822 2813 9
2804 2807 4
2847 2809 8
2813 2807 0
2830 2830 6
2804 2832 18
2832 2812 17
2845 2817 1
2821 2826 4
2826 2816 14
2814 2809 17
2804 2846 19
2836 2842 18
2817 2810 9
2818 2812 6
2846 2801 14
2800 2818 11
2828 2825 13
2841 2834 15
2839 2835 9
2845 2841 2
2836 2845 0
2841 2849 10
2819 2817 10
2821 2836 17
2849 2830 5
2828 2840 3
2821 2817 5
2812 2811 5
2826 2838 14
2800 2812 2
2807 2816 12
2847 2849 7
2832 2842 11
2821 2811 7
2829 2849 15
2805 2816 10
2808 2808 17
2839 2832 16
2818 2814 5
2838 2813 10
2849 2832 1
2832 2819 5
2800 2813 10
2808 2827 18
2835 2848 12
2824 2846 18
2812 2830 13
2942 2910 19
2937 2946 19
2943 2912 16
2905 2928 2
2939 2926 1
2927 2915 16
2936 2900 1
2944 2941 3
2948 2901 9
2949 2939 7
2901 2937 16
2945 2934 15
3026 3000 6
3022 3024 7
3024 3022 6
3038 3048 5
3035 3035 3
3005 3019 4
3034 3016 16
3008 3032 15
3004 3030 8
3038 3022 17
3040 3028 13
3019 3028 7
3032 3005 15
3009 3025 6
3025 3039 4
3049 3048 3
3033 3022 12
3017 3011 0
3041 3030 17
3034 3005 0
3049 3045 15
3034 3027 5
3043 3005 0
3036 3030 1
3002 3021 4
3022 3047 1
3029 3045 13
3048 3000 1
3011 3037 3
3025 3029 10
3049 3036 2
3048 3005 11
3035 3024 15
3007 3003 1
3045 3030 10
3029 3025 18
3031 3005 19
3022 3016 13
3005 3035 7
3032 3015 17
3021 3045 12
3006 3042 19
3022 3004 12
3001 3007 11
3003 3002 16
3007 3017 19
3045 3007 18
3040 3025 18
3008 3004 15
3023 3030 0
3016 3028 5
3002 3040 6
3044 3039 5
3001 3030 4
3007 3044 13
3022 3042 5
3019 3030 7
3033 3030 2
3008 3043 13
3006 3013 10
3015 3040 9
3037 3047 16
3002 3017 19
3036 3020 4
3027 3036 2
3046 3043 11
3010 3018 14
3037 3030 12
3002 3002 13
3013 3025 10
3000 3009 16
3032 3029 15
3004 3007 11
3001 3034 13
3021 3035 14
3019 3011 1
3001 3004 17
3007 3001 4
3018 3046 11
3014 3036 5
3000 3008 19
3013 3016 14
3026 3015 15
3020 3016 1
3006 3022 18
3041 3009 2
3020 3049 1
3038 3046 0
3007 3020 3
3009 3042 14
3001 3034 10
3049 3045 6
3028 3007 8
3131 3110 16
3141 3130 13
3120 3120 7
3110 3125 15
3132 3126 3
3121 3148 3
3115 3101 1
3100 3137 13
3135 3132 1
3138 3126 15
3140 3136 4
3129 3124 2
3131 3145 11
3121 3132 4
3105 3122 6
3138 3117 16
3123 3139 3
3129 3149 15
3126 3143 7
3125 3116 19
3137 3137 15
3123 3112 8
3132 3114 11
3120 3100 16
3136 3140 1
3149 3132 14
3101 3112 1
3108 3102 6
3110 3112 3
3108 3130 18
3106 3129 11
3102 3135 4
3117 3133 13
3105 3125 13
3135 3126 11
3126 3129 4
3136 3140 9
3124 3101 19
3109 3137 5
3140 3125 8
3131 3133 7
3111 3105 10
3135 3149 1
3126 3116 1
3106 3114 19
3135 3135 1
3106 3117 7
3131 3139 7
3114 3125 2
3123 3148 13
3110 3117 7
3138 3141 5
3133 3141 12
3100 3125 14
3100 3129 1
3131 3119 15
3144 3107 6
3141 3132 13
3140 3123 17
3109 3103 14
3104 3110 11
3227 3206 16
3214 3224 13
3245 3205 15
3213 3231 12
3241 3202 3
3213 3223 3
3241 3211 17
3208 3227 10
3243 3234 9
3246 3208 6
3246 3236 17
3220 3227 2
3249 3200 3
3213 3201 11
3227 3239 2
3221 3237 11
3249 3205 19
3219 3231 7
3229 3239 7
3229 3216 19
3231 3218 0
3245 3233 10
3249 3234 0
3239 3248 14
3217 3246 4
3248 3240 11
3202 3214 3
3227 3203 19
3230 3243 6
3242 3212 2
3244 3233 7
3204 3235 0
3213 3240 14
3249 3232 9
3224 3231 4
3201 3233 13
3238 3225 18
3211 3213 5
3212 3201 17
3243 3200 9
3203 3224 7
3232 3244 9
3202 3217 11
3231 3239 6
3210 3222 12
3249 3216 6
3210 3204 15
3223 3248 13
3227 3203 19
3225 3204 5
3343 3327 17
3324 3346 2
3321 3321 18
3309 3348 2
3332 3328 2
3334 3345 16
3340 3330 15
3329 3309 7
3327 3342 7
3343 3330 17
3339 3345 4
3324 3328 0
3348 3338 18
3329 3318 18
3315 3349 2
3326 3335 0
3341 3336 8
3314 3339 4
3339 3348 12
3306 3303 13
3306 3317 12
3315 3326 4
3302 3347 0
3330 3337 10
3344 3325 19
3332 3312 0
3335 3323 14
3316 3307 10
3306 3312 4
3327 3308 5
3324 3334 0
3324 3305 12
3337 3309 8
3347 3345 11
3300 3346 4
3318 3334 19
3321 3347 9
3308 3327 15
3333 3305 18
3314 3312 6
3338 3346 18
3338 3338 5
3322 3313 0
3324 3335 1
3336 3307 17
3334 3345 0
3332 3315 11
3306 3322 13
3325 3321 2
3334 3321 8
3338 3337 5
3323 3305 8
3322 3315 8
3307 3309 10
3325 3304 7
3315 3345 5
3322 3340 8
3339 3334 11
3348 3324 14
3322 3318 11
3322 3325 8
3348 3341 15
3319 3338 1
3300 3334 0
3310 3348 13
3320 3312 4
3304 3326 19
3345 3313 17
3319 3327 19
3308 3334 2
3307 3302 7
3317 3335 12
3304 3300 17
3319 3317 12
3337 3349 16
3338 3329 7
3315 3333 8
3337 3344 11
3316 3323 13
3325 3310 0
3317 3308 6
3306 3309 4
3310 3307 3
3327 3338 0
3309 3339 5
3343 3324 19
3317 3321 13
3333 3306 16
3349 3313 18
3305 3327 18
3346 3301 5
3338 3340 18
3348 3332 4
3345 3330 14
3316 3326 12
3343 3332 9
3319 3343 15
3305 3332 10
3334 3331 17
3431 3434 8
3415 3415 16
3436 3425 10
3449 3407 10
3412 3446 15
3448 3434 5
3442 3405 3
3434 3427 18
3424 3431 0
3415 3427 9
3425 3442 10
3415 3437 15
3443 3419 1
3407 3438 0
3431 3435 10
3429 3424 6
3403 3413 1
3411 3415 19
3434 3423 11
3408 3407 1
3435 3436 3
3425 3413 18
3422 3441 3
3439 3441 1
3411 3408 9
3400 3414 6
3415 3429 18
3438 3423 6
3433 3435 4
3440 3430 4
3439 3449 4
3418 3429 16
3415 3411 15
3430 3420 19
3402 3429 4
3413 3440 18
3434 3420 18
3424 3400 3
3406 3431 4
3406 3420 15
3414 3434 1
3410 3438 2
3447 3434 19
3437 3402 18
3428 3440 8
3426 3402 14
3438 3412 16
3447 3439 13
3404 3412 15
3414 3411 10
3432 3438 2
3536 3532 13
3519 3511 9
3536 3544 13
3547 3519 11
3548 3523 6
3545 3517 4
3509 3513 15
3539 3539 5
3533 3543 3
3544 3525 1
3546 3503 9
3538 3518 7
3546 3543 4
3532 3540 7
3503 3542 10
3527 3534 7
3530 3526 0
3506 3536 16
3542 3502 19
3544 3515 17
3517 3508 13
3547 3531 14
3528 3509 16
3513 3521 5
3503 3516 16
3525 3548 1
3544 3504 9
3515 3511 19
3505 3518 7
3514 3543 13
3547 3541 3
3500 3540 1
3539 3540 2
3546 3539 3
3544 3534 7
3536 3524 5
3509 3507 18
3513 3514 12
3536 3541 18
3540 3530 6
3531 3515 0
3503 3526 4
3520 3531 12
3526 3538 16
3507 3532 16
3540 3536 6
3516 3501 19
3506 3528 11
3549 3506 8
3538 3533 3
3534 3542 16
3501 3534 17
3506 3515 6
3547 3532 2
3506 3519 14
3546 3521 11
3528 3505 15
3544 3521 18
3512 3539 13
3512 3506 10
3531 3507 12
3519 3543 7
3548 3545 16
3532 3547 6
3541 3545 4
3537 3520 2
3538 3539 16
3526 3549 6
3600 3629 12
3631 3633 11
3603 3636 9
3640 3612 0
3637 3648 17
3607 3624 3
3645 3610 10
3607 3600 6
3644 3624 17
3633 3610 10
3645 3628 11
3633 3640 6
3628 3602 4
3631 3647 12
3635 3628 1
3622 3632 13
3605 3637 12
3645 3631 15
3605 3604 6
3647 3643 14
3624 3621 5
3634 3613 15
3625 3627 5
3649 3627 1
3639 3613 0
3621 3623 2
3641 3642 15
3632 3649 18
3611 3623 10
3645 3646 12
3647 3638 2
3648 3636 2
3624 3634 4
3603 3626 19
3646 3620 10
3601 3617 18
3645 3632 0
3631 3614 7
3603 3635 17
3634 3633 13
3603 3609 1
3639 3606 10
3637 3643 1
3628 3648 14
3619 3603 0
3624 3649 9
3622 3637 9
3640 3601 2
3643 3600 19
3640 3634 10
3631 3604 1
3616 3647 2
3633 3600 11
3626 3607 8
3637 3607 1
3612 3625 11
3643 3605 9
3628 3615 9
3607 3617 2
3637 3635 17
3633 3607 17
3600 3607 11
3728 3703 15
3746 3702 9
3736 3708 1
3708 3722 5
3705 3720 9
3705 3725 6
3721 3712 1
3709 3712 0
3722 3748 6
3719 3707 5
3725 3710 2
3725 3716 13
3715 3719 13
3720 3725 7
3738 3736 6
3739 3749 9
3722 3700 15
3709 3743 5
3700 3725 10
3715 3743 6
3729 3743 12
3710 3707 9
3743 3724 19
3710 3740 7
3713 3741 6
3737 3737 13
3733 3742 5
3740 3726 6
3720 3749 12
3739 3730 1
3734 3713 13
3725 3725 10
3742 3735 10
3715 3702 19
3725 3718 13
3705 3727 13
3700 3732 6
3708 3701 2
3827 3827 5
3819 3834 14
3848 3828 4
3820 3834 15
3834 3812 19
3809 3838 10
3813 3847 15
3825 3818 8
3825 3831 6
3829 3834 14
3849 3833 10
3817 3841 5
3849 3849 1
3815 3810 14
3828 3807 6
3824 3812 4
3806 3826 19
3841 3832 15
3818 3847 4
3835 3848 19
3830 3806 7
3829 3847 17
3822 3818 9
3849 3814 13
3805 3824 13
3846 3832 16
3841 3827 12
3826 3839 8
3833 3847 13
3810 3828 14
3808 3823 5
3818 3841 7
3817 3839 2
3839 3818 3
3846 3817 5
3825 3819 12
3816 3845 17
3842 3809 18
3843 3846 2
3830 3841 0
3835 3837 4
3819 3845 7
3805 3831 8
3833 3805 19
3847 3816 13
3815 3842 5
3831 3806 6
3838 3846 7
3825 3827 3
3817 3820 5
3813 3825 12
3827 3823 10
3821 3827 15
3837 3835 14
3820 3826 8
3804 3839 17
3835 3828 15
3801 3832 19
3805 3826 2
3848 3802 8
3843 3826 2
3804 3837 4
3839 3828 7
3806 3843 3
3833 3814 5
3802 3803 1
3813 3848 17
3833 3832 19
3814 3808 7
3822 3810 5
3834 3832 5
3840 3823 13
3809 3815 17
3842 3834 12
3827 3843 5
3836 3805 10
3831 3805 11
3828 3817 7
3805 3807 19
3820 3844 16
3811 3845 14
3843 3847 0
3803 3817 5
3818 3816 18
3801 3817 6
3826 3845 18
3830 3823 3
3804 3840 15
3802 3838 12
3822 3849 7
3843 3835 14
3843 3809 3
3807 3849 2
3833 3807 9
3849 3806 11
3902 3931 9
3923 3927 9
3930 3926 6
3923 3925 12
3908 3944 19
3945 3935 19
3911 3912 7
3901 3936 12
3920 3919 11
3901 3914 1
3924 3924 5
3907 3949 4
3920 3938 3
3930 3909 15
3906 3900 10
3907 3916 17
3930 3929 11
3929 3901 6
3945 3934 10
3902 3929 8
3903 3944 3
3904 3920 17
3931 3914 10
3901 3923 7
3914 3931 16
3919 3925 12
3948 3912 11
3931 3936 15
3933 3913 0
3908 3947 19
3919 3920 15
3902 3948 17
3948 3911 9
3924 3907 10
3930 3939 0
3909 3948 11
3949 3942 3
3907 3937 1
3919 3930 5
3944 3916 8
3916 3935 0
3926 3925 12
4003 4037 5
4001 4029 8
4037 4040 17
4026 4041 15
4025 4009 4
4027 4011 4
4004 4034 7
4016 4046 10
4046 4025 7
4038 4001 6
4005 4036 0
4016 4011 18
4023 4044 1
4010 4037 6
4046 4030 10
4012 4019 19
4036 4020 14
4040 4003 5
4031 4046 4
4049 4040 13
4014 4009 18
4031 4001 17
4006 4039 16
4016 4020 6
4025 4039 19
4010 4044 3
4024 4000 1
4037 4000 5
4028 4011 17
4011 4013 18
4015 4046 18
4004 4023 2
4035 4015 17
4002 4045 5
4032 4047 10
4000 4000 14
4048 4045 3
4038 4042 7
4045 4007 15
4027 4010 18
4015 4037 2
4007 4010 2
4006 4010 18
4006 4003 6
4043 4020 6
4030 4035 13
4007 4007 16
4014 4042 17
4029 4034 19
4031 4013 11
4042 4024 16
4031 4018 16
4014 4038 11
4014 4012 12
4024 4008 15
4006 4041 15
4039 4041 17
4021 4000 3
4012 4027 8
4003 4004 13
4048 4043 13
4003 4038 10
4025 4030 11
4013 4024 6
4039 4025 8
4017 4029 13
4036 4047 18
4005 4017 11
4037 4007 1
4030 4019 14
4010 4048 8
4049 4014 10
4006 4008 2
4047 4012 14
4012 4007 15
4032 4022 6
4045 4043 7
4033 4021 8
4007 4001 3
4043 4016 12
4011 4028 16
4121 4107 8
4121 4135 18
4129 4134 10
4101 4149 17
4114 4110 17
4101 4126 12
4129 4112 15
4132 4106 13
4134 4130 15
4100 4124 10
4144 4148 19
4135 4107 4
4108 4127 5
4132 4142 17
4126 4101 7
4127 4125 4
4104 4124 9
4112 4105 2
4138 4128 18
4129 4138 3
4104 4139 19
4123 4128 16
4139 4121 7
4111 4111 2
4148 4149 12
4100 4120 7
4113 4103 13
4119 4134 0
4135 4118 9
4142 4131 1
4139 4132 3
4109 4140 0
4140 4133 4
4142 4108 1
4106 4132 3
4148 4138 6
4110 4127 7
4131 4124 1
4121 4143 4
4107 4107 7
4114 4141 3
4121 4103 17
4132 4140 18
4104 4124 15
4136 4134 16
4111 4104 3
4111 4126 12
4110 4113 17
4147 4101 5
4102 4123 10
4149 4120 16
4134 4139 11
4132 4102 6
4118 4116 18
4120 4118 18
4118 4140 10
4136 4142 19
4126 4120 14
4124 4145 8
4136 4124 9
4111 4132 6
4124 4135 13
4112 4140 15
4113 4112 16
4110 4131 5
4134 4139 11
4116 4114 15
4129 4141 5
4100 4147 16
4137 4148 9
4113 4105 4
4137 4145 19
4128 4102 3
4108 4125 6
4203 4201 6
4234 4222 11
4227 4204 8
4236 4244 6
4241 4244 1
4247 4244 0
4241 4241 10
4206 4239 0
4224 4242 8
4202 4204 18
4200 4239 1
4216 4202 13
4208 4200 3
4236 4232 0
4227 4203 8
4238 4231 18
4211 4205 12
4219 4205 13
4231 4232 11
4216 4242 15
4204 4226 0
4209 4219 10
4233 4244 9
4222 4215 8
4213 4220 2
4239 4207 5
4203 4226 19
4212 4210 12
4303 4349 1
4344 4342 13
4331 4302 3
4334 4331 4
4307 4336 3
4347 4328 18
4316 4306 13
4333 4307 10
4342 4337 2
4338 4325 17
4334 4345 1
4338 4346 17
4301 4326 15
4337 4305 9
4305 4324 2
4301 4337 13
4338 4301 15
4325 4308 19
4318 4314 9
4336 4313 2
4348 4341 7
4327 4333 18
4314 4333 3
4318 4332 3
4331 4341 9
4321 4335 19
4315 4303 7
4321 4324 17
4334 4339 6
4312 4344 10
4340 4312 12
4331 4321 17
4311 4348 7
4310 4315 8
4308 4336 0
4310 4347 11
4315 4308 14
4338 4349 4
4346 4302 15
4341 4311 2
4308 4327 1
4313 4301 14
4315 4301 8
4346 4335 5
4343 4344 14
4335 4344 11
4322 4344 1
4336 4337 18
4305 4340 12
4337 4320 5
4308 4330 0
4333 4346 9
4328 4313 12
4303 4326 10
4349 4300 6
4342 4325 6
4310 4325 19
4343 4304 3
4340 4336 17
4328 4305 16
4347 4318 17
4334 4321 16
4345 4317 19
4300 4335 7
4338 4348 8
4343 4316 9
4303 4318 17
4314 4337 19
4346 4326 19
4308 4323 9
4312 4336 14
4347 4312 15
4439 4419 13
4419 4429 6
4442 4431 9
4430 4403 9
4417 4400 10
4433 4447 8
4422 4427 19
4416 4448 2
4443 4445 19
4405 4400 13
4434 4409 1
4400 4404 12
4404 4431 17
4445 4422 3
4403 4403 0
4449 4409 12
4404 4408 19
4423 4444 18
4446 4442 9
4439 4414 13
4444 4447 4
4411 4435 0
4444 4407 7
4431 4416 8
4433 4446 15
4426 4427 2
4436 4435 15
4441 4430 8
4449 4431 12
4417 4411 12
4409 4438 18
4417 4430 14
4434 4448 18
4428 4442 7
4427 4414 18
4404 4430 0
4413 4449 3
4425 4403 15
4417 4421 16
4432 4449 3
4437 4426 12
4449 4426 3
4425 4443 15
4437 4406 11
4433 4426 11
4417 4444 7
4418 4435 14
4441 4413 9
4443 4446 9
4434 4418 10
4420 4416 11
4420 4411 5
4405 4416 13
4441 4412 2
4449 4419 7
4447 4405 13
4449 4435 7
4427 4441 2
4408 4425 11
4430 4423 2
4423 4405 7
4433 4405 16
4421 4414 18
4426 4426 7
4430 4430 7
4405 4402 15
4400 4423 10
4432 4424 15
4411 4425 13
4437 4444 3
4447 4418 5
4412 4419 18
4439 4401 0
4423 4437 15
4435 4403 7
4422 4430 1
4432 4409 4
4546 4514 10
4509 4533 9
4509 4510 17
4539 4520 17
4514 4531 18
4544 4503 16
4507 4531 16
4541 4537 3
4540 4520 19
4532 4507 13
4504 4510 19
4529 4524 8
4546 4513 10
4525 4500 13
4514 4542 2
4545 4539 2
4527 4532 0
4538 4521 11
4502 4531 3
4527 4547 6
4522 4515 3
4536 4528 6
4511 4520 5
4533 4542 19
4506 4503 10
4516 4548 5
4525 4541 5
4511 4506 7
4500 4515 11
4511 4517 15
4513 4506 16
4629 4611 1
4607 4621 15
4615 4641 16
4614 4622 12
4638 4634 13
4617 4642 2
4621 4644 12
4601 4619 2
4649 4646 0
4606 4645 9
4641 4644 2
4646 4643 4
4649 4609 4
4606 4611 1
4628 4609 6
4618 4629 0
4611 4625 4
4630 4602 4
4637 4629 17
4632 4641 5
4603 4602 6
4648 4610 12
4610 4633 12
4625 4638 13
4603 4634 3
4635 4610 10
4641 4622 1
4647 4632 9
4628 4629 0
4600 4630 16
4615 4601 19
4627 4634 8
4604 4646 10
4634 4624 17
4620 4634 0
4615 4608 5
4604 4605 4
4601 4612 19
4646 4612 18
4601 4641 6
4647 4617 4
4609 4644 17
4648 4611 9
4612 4620 18
4628 4646 8
4610 4602 0
4627 4629 7
4630 4645 2
4635 4607 0
4606 4629 16
4645 4639 0
4634 4603 13
4631 4614 7
4609 4601 18
4638 4647 12
4615 4603 8
4644 4619 14
4642 4624 6
4634 4637 18
4635 4611 19
4649 4602 11
4609 4621 9
4638 4602 7
4643 4604 16
4603 4622 5
4612 4602 10
4629 4641 1
4615 4619 19
4619 4640 6
4610 4600 15
4611 4639 19
4622 4603 11
4615 4606 0
4614 4603 11
4648 4632 3
4613 4647 17
4631 4640 17
4604 4646 2
4627 4637 2
4645 4621 12
4641 4605 13
4641 4610 9
4636 4631 12
4620 4604 16
4623 4605 18
4621 4640 5
4643 4625 11
4646 4649 17
4611 4611 5
4622 4608 6
4622 4631 17
4625 4628 17
4645 4649 16
4700 4746 5
4711 4708 1
4703 4739 8
4738 4737 11
4743 4726 2
4708 4701 11
4710 4700 2
4741 4745 18
4711 4702 5
4745 4703 6
4719 4702 7
4710 4712 8
4713 4716 1
4721 4733 3
4720 4728 1
4716 4714 17
4734 4727 8
4711 4734 0
4736 4702 2
4733 4734 17
4719 4717 3
4724 4726 16
4706 4732 1
4720 4742 15
4725 4703 17
4712 4716 12
4749 4703 19
4733 4737 16
4728 4740 14
4727 4716 1
4742 4722 8
4716 4733 16
4731 4747 16
4700 4739 9
4725 4703 0
4727 4737 11
4702 4701 2
4703 4749 10
4735 4741 18
4733 4746 7
4749 4726 4
4742 4738 11
4831 4820 18
4819 4805 1
4819 4820 2
4831 4813 8
4801 4800 16
4828 4810 7
4811 4849 3
4819 4842 9
4804 4816 17
4818 4800 18
4801 4809 14
4830 4806 12
4808 4842 2
4811 4800 0
4832 4815 13
4802 4842 1
4822 4848 10
4849 4835 16
4837 4844 1
4816 4846 19
4833 4809 2
4849 4801 19
4813 4841 19
4840 4845 10
4805 4806 5
4816 4841 17
4804 4803 19
4807 4800 17
4846 4821 13
4814 4802 18
4844 4809 12
4826 4828 13
4821 4822 11
4820 4840 15
4822 4827 15
4831 4829 7
4831 4826 9
4808 4842 6
4828 4803 9
4816 4830 3
4834 4823 13
4834 4822 10
4804 4836 4
4813 4847 18
4827 4801 8
4825 4818 2
4807 4845 18
4801 4823 16
4822 4827 4
4822 4818 12
4846 4848 9
4948 4949 19
4903 4944 7
4930 4933 13
4941 4937 6
4925 4933 17
4940 4930 3
4939 4924 2
4930 4908 10
4904 4928 16
4941 4922 12
4921 4903 3
4926 4939 9
4939 4944 6
4943 4932 14
4939 4907 19
4933 4901 15
4902 4936 0
4934 4901 3
4924 4923 16
4921 4911 6
4935 4922 17
4918 4930 3
4931 4907 3
4936 4926 15
4926 4911 5
4936 4949 19
4919 4917 14
4935 4933 6
4931 4904 6
4946 4915 19
4923 4902 0
4945 4910 9
4924 4931 13
4945 4929 4
4917 4934 8
4927 4925 11
4902 4919 10
4933 4908 19
4921 4947 16
4932 4919 12
4906 4914 4
4949 4921 0
4932 4929 2
5001 5024 17
5019 5028 4
5015 5007 9
5000 5045 10
5002 5045 16
5024 5049 7
5045 5028 11
5038 5044 9
5001 5004 19
5017 5011 11
5041 5036 10
5034 5013 9
5011 5000 6
5032 5029 0
5032 5021 10
5029 5014 17
5025 5035 2
5036 5011 19
5036 5003 8
5006 5033 1
5026 5025 3
5040 5001 18
5005 5015 10
5003 5020 4
5004 5021 0
5043 5020 18
5046 5035 10
5007 5037 19
5029 5018 13
5002 5043 8
5004 5016 7
5045 5037 9
5049 5017 17
5038 5022 5
5006 5002 17
5002 5017 6
5009 5032 3
5027 5009 5
5029 5021 10
5009 5037 10
5013 5014 16
5018 5037 4
5044 5007 12
5047 5018 9
5022 5004 2
5000 5043 19
5037 5015 0
5010 5020 3
5002 5030 14
5024 5045 18
5025 5008 4
5006 5037 6
5025 5031 8
5042 5044 4
5012 5027 9
5021 5022 0
5019 5048 14
5030 5004 11
5002 5028 13
5032 5039 17
5048 5012 16
5006 5016 8
5042 5048 17
5049 5019 1
5013 5010 2
5023 5033 19
5028 5014 10
5040 5005 15
5140 5136 15
5103 5101 19
5145 5111 17
5136 5134 7
5103 5110 1
5123 5143 2
5105 5115 1
5146 5146 7
5108 5118 2
5134 5142 3
5149 5122 19
5130 5108 4
5103 5110 7
5105 5105 12
5105 5100 14
5132 5145 9
5106 5149 18
5132 5138 4
5105 5106 7
5144 5126 18
5132 5131 12
5147 5107 5
5146 5145 13
5127 5137 3
5144 5134 0
5146 5146 15
5145 5132 9
5119 5142 7
5147 5137 0
5105 5105 8
5146 5112 5
5113 5129 16
5144 5132 18
5134 5104 5
5141 5122 2
5146 5107 4
5111 5141 1
5148 5139 2
5112 5117 2
5144 5138 19
5137 5115 4
5134 5109 0
5127 5102 2
5130 5132 17
5144 5140 11
5103 5137 4
5141 5141 13
5138 5106 11
5108 5133 17
5107 5130 4
5108 5107 16
5133 5126 18
5115 5126 0
5115 5123 13
5122 5103 13
5149 5117 10
5129 5121 12
5126 5115 3
5137 5111 5
5146 5110 9
5125 5114 17
5129 5104 14
5126 5131 6
5141 5118 2
5134 5136 5
5122 5111 2
5111 5144 17
5147 5137 7
5105 5101 15
5106 5133 10
5133 5111 14
5111 5109 0
5103 5124 8
5135 5140 0
5136 5123 9
5109 5127 11
5124 5125 13
5121 5121 18
5118 5121 4
5101 5112 11
5126 5116 17
5208 5204 14
5221 5210 1
5233 5232 14
5201 5242 12
5208 5210 3
5231 5235 0
5213 5235 9
5245 5201 18
5201 5244 17
5222 5203 14
5215 5219 0
5202 5241 4
5239 5216 14
5235 5202 4
5325 5330 13
5316 5301 9
5333 5342 15
5324 5324 11
5314 5321 6
5349 5323 3
5318 5337 9
5322 5336 9
5316 5317 11
5318 5300 5
5345 5326 17
5307 5326 19
5347 5316 17
5321 5301 13
5348 5347 16
5329 5332 15
5315 5335 7
5333 5337 8
5316 5336 7
5346 5340 4
5303 5318 6
5307 5303 8
5334 5334 1
5308 5340 17
5317 5311 1
5303 5344 12
5344 5331 14
5307 5335 4
5336 5337 16
5335 5345 14
5305 5339 18
5304 5329 4
5331 5343 18
5311 5301 7
5347 5327 14
5344 5316 2
5408 5408 16
5409 5416 14
5428 5442 9
5420 5434 19
5440 5441 16
5443 5448 1
5434 5421 6
5418 5408 7
5406 5438 18
5416 5428 14
5416 5409 12
5416 5440 4
5408 5427 1
5405 5421 7
5403 5428 9
5445 5423 0
5426 5408 14
5419 5407 14
5425 5405 13
5400 5438 8
5449 5443 12
5421 5407 6
5405 5419 5
5429 5437 12
5405 5401 8
5415 5407 10
5428 5441 18
5441 5424 16
5430 5440 5
5419 5419 11
5422 5413 17
5402 5445 9
5409 5441 9
5549 5542 12
5544 5530 12
5514 5541 6
5546 5515 6
5535 5547 6
5512 5524 15
5537 5524 18
5544 5526 5
5541 5524 9
5503 5518 7
5541 5547 18
5506 5519 11
5531 5535 16
5522 5521 19
5540 5502 3
5530 5538 0
5538 5514 5
5540 5547 14
5503 5523 12
5525 5541 15
5507 5547 19
5546 5526 9
5502 5516 18
5546 5525 12
5541 5532 17
5503 5544 3
5503 5546 0
5533 5525 5
5523 5549 5
5510 5512 3
5534 5547 10
5545 5502 1
5505 5512 1
5532 5517 0
5505 5513 11
5549 5507 10
5538 5527 13
5548 5501 11
5540 5528 12
5539 5512 3
5522 5513 14
5529 5542 8
5514 5505 11
5528 5539 18
5514 5509 10
5508 5531 7
5547 5530 0
5502 5517 12
5510 5536 11
5508 5518 0
5535 5544 7
5503 5532 16
5510 5525 2
5539 5542 7
5504 5514 3
5547 5527 17
5509 5537 5
5538 5526 5
5538 5524 4
5545 5504 12
5510 5524 17
5531 5534 19
5540 5508 19
5506 5519 13
5520 5519 19
5542 5503 2
5510 5500 2
5533 5549 5
5540 5506 4
5514 5536 9
5512 5505 16
5524 5543 6
5534 5524 7
5545 5546 9
5612 5642 16
5618 5609 10
5642 5630 2
5618 5635 5
5630 5605 3
5628 5636 1
5615 5625 2
5642 5628 14
5623 5644 0
5630 5645 14
5609 5607 13
5648 5623 2
5618 5607 6
5602 5643 19
5624 5630 13
5604 5602 5
5606 5622 19
5602 5619 3
5619 5626 12
5645 5613 18
5621 5633 8
5726 5730 17
5745 5729 2
5715 5702 16
5708 5741 18
5740 5741 1
5730 5748 17
5701 5709 16
5737 5720 7
5709 5714 16
5738 5737 13
5739 5721 2
5742 5733 0
5734 5744 13
5742 5727 8
5744 5735 8
5738 5718 10
5714 5749 18
5735 5704 13
5701 5748 14
5738 5740 0
5729 5744 6
5732 5729 12
5739 5727 11
5716 5717 5
5717 5720 6
5718 5732 12
5707 5719 3
5708 5736 15
5749 5743 5
5726 5724 16
5734 5736 1
5719 5731 15
5727 5725 4
5703 5734 16
5708 5736 16
5730 5739 1
5717 5747 8
5709 5711 1
5727 5737 3
5747 5732 19
5742 5727 9
5734 5705 15
5726 5727 17
5740 5720 7
5739 5747 2
5722 5702 10
5702 5734 19
5726 5742 1
5707 5701 18
5734 5700 2
5737 5703 10
5737 5700 16
5741 5707 13
5731 5729 8
5738 5717 7
5705 5734 18
5710 5710 17
5740 5735 12
5729 5718 7
5725 5737 4
5727 5727 2
5746 5745 14
5734 5718 14
5725 5743 16
5705 5728 11
5708 5735 17
5702 5739 17
5715 5718 13
5715 5705 14
5715 5732 4
5718 5734 11
5722 5726 10
5727 5727 16
5718 5717 19
5702 5731 3
5722 5738 3
5708 5705 8
5707 5700 18
5711 5712 4
5824 5839 13
5807 5810 5
5811 5831 16
5840 5849 16
5831 5820 9
5842 5800 19
5834 5845 2
5841 5831 6
5833 5812 18
5804 5802 15
5824 5822 14
5847 5829 10
5821 5811 8
5812 5808 7
5802 5812 15
5806 5837 16
5809 5838 6
5815 5844 4
5812 5827 2
5834 5838 13
5828 5823 15
5800 5807 5
5828 5813 18
5848 5832 2
5814 5836 11
5820 5844 4
5840 5820 12
5824 5835 1
5825 5801 17
5805 5802 19
5805 5829 17
5803 5817 7
5832 5812 1
5823 5816 10
5834 5823 18
5805 5812 7
5809 5806 4
5821 5825 11
5824 5807 15
5830 5812 6
5821 5842 17
5809 5831 3
5809 5812 16
5837 5816 2
5809 5816 10
5820 5818 4
5819 5829 3
5811 5813 11
5836 5823 5
5817 5831 6
5826 5824 9
5845 5822 14
5837 5829 19
5848 5803 12
5807 5801 16
5801 5822 2
5848 5846 6
5808 5808 19
5811 5810 7
5838 5833 8
5809 5823 2
5841 5807 8
5843 5812 0
5924 5948 7
5917 5945 14
5912 5909 13
5911 5928 17
5900 5944 19
5906 5900 3
5933 5915 6
5902 5944 18
5945 5921 11
5902 5940 12
5915 5917 19
5938 5904 7
5946 5933 11
5918 5902 11
5947 5924 3
5912 5943 7
5913 5906 3
5922 5928 17
5903 5924 13
5918 5935 6
5924 5905 10
5935 5940 6
5905 5949 2
5934 5925 15
5938 5933 16
6009 6008 8
6018 6035 16
6036 6000 4
6035 6009 14
6034 6028 5
6001 6031 14
6004 6028 3
6036 6005 9
6018 6031 9
6013 6011 16
6030 6033 12
6030 6006 8
6042 6024 19
6017 6020 5
6044 6003 5
6048 6044 7
6000 6027 7
6032 6049 5
6035 6047 6
6029 6039 3
6037 6046 13
6001 6014 10
6038 6034 2
6032 6019 0
6037 6030 16
6018 6017 10
6034 6023 2
6004 6004 14
6021 6003 11
6026 6029 10
6001 6012 12
6037 6008 1
6035 6037 17
6013 6014 12
6044 6007 2
6030 6036 18
6002 6031 10
6026 6008 16
6005 6011 0
6026 6018 16
6007 6048 10
6003 6024 16
6039 6011 9
6014 6041 3
6021 6004 3
6046 6039 12
6026 6016 2
6046 6004 3
6006 6043 8
6032 6031 1
6004 6036 13
6016 6015 11
6024 6047 6
6032 6001 19
6000 6041 16
6037 6036 14
6017 6012 16
6037 6049 9
6020 6042 11
6006 6010 3
6024 6021 19
6045 6022 8
6043 6005 15
6049 6037 9
6040 6049 0
6033 6010 16
6014 6042 5
6003 6046 1
6007 6037 13
6003 6039 0
6021 6009 12
6009 6007 3
6014 6024 12
6112 6138 19
6106 6125 8
6143 6148 14
6121 6132 7
6105 6127 19
6124 6144 0
6133 6138 13
6138 6131 11
6115 6147 1
6220 6224 6
6210 6247 16
6238 6225 18
6225 6228 8
6215 6225 3
6217 6222 14
6206 6240 18
6244 6239 18
6207 6226 10
6247 6229 15
6200 6236 8
6221 6240 10
6205 6225 8
6246 6233 13
6240 6243 10
6210 6216 18
6234 6214 4
6227 6201 10
6200 6223 4
6201 6234 7
6243 6200 10
6234 6209 19
6247 6213 4
6234 6239 4
6200 6248 18
6200 6242 8
6202 6216 13
6224 6200 13
6218 6218 19
6242 6228 10
6241 6237 15
6234 6240 14
6223 6207 8
6210 6232 19
6239 6246 16
6235 6248 2
6231 6243 1
6221 6245 8
6249 6216 3
6237 6228 16
6211 6232 8
6205 6240 7
6241 6227 11
6222 6235 15
6212 6231 12
6218 6208 9
6229 6232 4
6248 6245 17
6247 6243 10
6224 6226 12
6201 6205 0
6247 6234 6
6231 6211 8
6228 6242 2
6204 6210 1
6209 6245 5
6207 6244 18
6206 6232 3
6247 6232 8
6232 6249 0
6222 6241 14
6230 6209 18
6326 6321 1
6346 6348 14
6341 6340 3
6333 6301 13
6345 6348 1
6323 6305 7
6324 6318 14
6320 6339 10
6344 6312 0
6329 6316 5
6340 6349 7
6300 6327 17
6308 6337 16
6312 6346 5
6329 6349 16
6345 6323 8
6317 6309 5
6302 6335 9
6306 6324 14
6315 6334 12
6304 6331 8
6311 6347 5
6347 6331 9
6324 6313 11
6348 6342 7
6335 6340 0
6320 6341 11
6340 6334 15
6321 6305 12
6330 6302 5
6332 6338 2
6312 6323 13
6339 6328 5
6322 6334 19
6302 6349 9
6324 6314 16
6304 6323 11
6333 6307 18
6327 6331 11
6344 6314 8
6324 6326 2
6349 6313 7
6305 6319 2
6340 6342 3
6344 6302 8
6317 6338 19
6342 6348 11
6308 6336 13
6309 6311 16
6329 6322 14
6339 6311 0
6308 6313 2
6335 6318 8
6307 6335 6
6323 6326 13
6324 6321 4
6305 6345 15
6328 6345 10
6312 6307 0
6307 6306 5
6347 6321 7
6305 6329 6
6442 6436 2
6434 6402 0
6430 6403 19
6429 6410 11
6410 6447 16
6402 6411 18
6416 6407 13
6415 6400 3
6422 6433 19
6440 6416 17
6400 6431 18
6431 6430 17
6405 6405 13
6422 6432 6
6443 6423 11
6400 6400 10
6442 6431 19
6428 6420 12
6445 6400 13
6439 6438 1
6407 6415 13
6448 6441 17
6436 6407 10
6448 6433 14
6446 6444 16
6448 6400 17
6449 6409 2
6434 6443 1
6426 6449 11
6404 6401 18
6429 6405 14
6433 6408 17
6400 6414 12
6413 6421 12
6422 6412 0
6425 6408 9
6446 6431 0
6411 6420 7
6441 6408 1
6425 6431 9
6424 6400 16
6441 6426 5
6406 6408 0
6403 6419 6
6434 6437 12
6443 6434 19
6410 6406 12
6438 6443 10
6445 6445 13
6413 6433 5
6434 6443 17
6414 6445 15
6443 6430 13
6440 6405 16
6432 6446 17
6416 6442 11
6415 6419 3
6409 6448 5
6414 6414 9
6400 6403 3
6432 6423 12
6420 6419 11
6432 6434 7
6427 6438 6
6428 6442 8
6415 6413 3
6419 6411 19
6442 6418 1
6506 6511 18
6528 6505 0
6518 6547 8
6505 6506 17
6501 6535 17
6522 6510 11
6509 6533 8
6527 6548 3
6518 6539 5
6513 6522 10
6540 6526 9
6532 6539 7
6530 6534 18
6526 6514 1
6513 6547 19
6500 6540 4
6540 6531 10
6518 6521 7
6529 6521 19
6549 6521 5
6513 6520 10
6516 6543 4
6502 6521 19
6500 6517 6
6534 6520 16
6506 6509 1
6542 6528 5
6541 6519 17
6523 6522 8
6510 6504 3
6508 6509 2
6536 6546 17
6508 6524 0
6500 6540 10
6538 6536 19
6523 6516 9
6506 6508 17
6513 6532 4
6547 6504 13
6549 6505 4
6534 6547 6
6510 6518 2
6505 6522 15
6518 6517 5
6543 6505 18
6506 6549 13
6502 6500 3
6512 6525 5
6529 6500 11
6505 6501 11
6530 6537 10
6538 6518 5
6529 6501 10
6531 6514 19
6540 6508 3
6548 6527 7
6538 6549 10
6537 6547 8
6535 6537 15
6515 6534 17
6530 6548 10
6500 6515 9
6511 6530 14
6524 6509 14
6512 6525 0
6502 6529 3
6533 6543 19
6535 6502 4
6521 6501 8
6503 6520 4
6520 6510 12
6507 6505 9
6500 6540 7
6527 6532 13
6542 6515 10
6546 6533 17
6516 6515 17
6545 6502 16
6607 6612 15
6622 6625 4
6649 6647 13
6646 6624 14
6642 6618 5
6627 6607 16
6622 6633 7
6641 6629 13
6636 6630 9
6629 6648 7
6746 6718 16
6705 6747 8
6702 6714 8
6735 6713 11
6728 6701 4
6731 6749 3
6714 6716 19
6701 6743 17
6735 6716 13
6723 6702 4
6700 6716 5
6740 6714 8
6733 6738 2
6748 6707 10
6715 6749 14
6716 6719 8
6745 6739 12
6703 6728 7
6720 6728 13
6708 6734 10
6708 6722 9
6737 6714 4
6723 6701 9
6747 6749 4
6739 6733 14
6730 6722 13
6736 6740 10
6726 6740 11
6733 6726 1
6740 6701 11
6727 6738 9
6711 6717 13
6729 6749 14
6718 6700 6
6706 6727 9
6713 6720 0
6701 6719 12
6747 6730 15
6710 6712 2
6723 6706 0
6717 6713 10
6704 6714 14
6706 6735 14
6735 6745 6
6726 6702 15
6749 6717 9
6748 6708 7
6817 6802 13
6838 6843 6
6811 6841 9
6813 6835 8
6800 6807 1
6823 6839 19
6826 6817 12
6847 6810 6
6808 6828 8
6835 6812 0
6809 6832 15
6817 6828 14
6807 6849 8
6812 6834 0
6845 6821 8
6835 6814 19
6837 6815 14
6825 6833 0
6843 6818 19
6847 6830 13
6825 6831 10
6816 6844 18
6812 6843 2
6802 6840 15
6846 6847 8
6841 6837 7
6816 6831 4
6848 6825 6
6844 6818 3
6827 6801 19
6849 6817 6
6814 6844 15
6821 6819 12
6834 6849 2
6817 6819 8
6814 6835 8
6834 6824 12
6839 6813 17
6811 6825 14
6843 6843 2
6812 6808 8
6833 6817 15
6834 6810 11
6829 6836 10
6834 6835 17
6842 6840 7
6801 6815 16
6832 6847 7
6820 6842 11
6845 6804 5
6805 6843 19
6839 6801 11
6831 6810 15
6811 6838 1
6829 6848 14
6802 6821 7
6835 6824 9
6827 6846 5
6819 6846 4
6843 6807 14
6809 6841 12
6805 6824 14
6814 6846 4
6813 6814 5
6824 6845 14
6827 6820 15
6828 6810 14
6815 6829 18
6838 6822 7
6942 6900 10
6918 6908 15
6940 6921 3
6900 6927 19
6935 6911 3
6912 6939 11
6934 6911 18
6945 6931 16
6943 6933 15
6903 6947 7
6927 6917 6
6943 6944 16
6905 6925 12
6947 6925 19
6946 6939 2
6926 6924 16
6912 6921 15
6935 6940 19
6934 6948 12
6941 6924 5
6948 6916 0
6942 6914 12
6913 6908 16
6920 6948 16
6906 6949 11
6942 6949 10
6908 6938 3
6927 6907 7
6949 6949 3
6935 6947 14
6917 6906 9
6933 6900 16
6904 6934 5
6906 6903 2
6906 6935 3
6911 6909 8
6943 6938 6
6930 6940 9
6914 6948 10
6906 6935 0
6949 6942 3
6918 6936 12
6906 6908 2
6911 6919 15
6944 6939 7
6905 6941 10
6910 6901 13
6903 6937 12
6938 6931 10
6944 6911 15
6936 6921 17
6925 6944 17
6918 6902 7
6945 6937 17
6942 6935 2
6919 6925 19
6946 6925 3
6901 6910 16
6921 6920 7
6913 6939 0
6940 6929 11
6936 6909 16
6913 6904 5
6908 6938 8
6948 6910 8
6946 6949 7
6930 6915 5
6920 6904 17
6901 6930 6
6925 6902 11
6940 6932 17
6919 6945 17
6914 6912 10
6910 6942 17
6936 6933 13
7036 7040 12
7023 7007 1
7049 7022 16
7023 7021 12
7037 7042 4
7049 7038 18
7036 7010 18
7010 7004 9
7000 7029 4
7018 7045 13
7038 7037 4
7003 7014 13
7035 7035 1
7034 7020 3
7033 7043 7
7021 7009 10
7034 7005 17
7049 7036 3
7010 7001 4
7001 7046 2
7000 7000 13
7010 7014 1
7030 7005 14
7016 7006 6
7024 7045 6
7042 7030 3
7006 7024 14
7049 7040 0
7037 7019 12
7038 7030 6
7033 7047 11
7041 7016 5
7033 7009 11
7030 7028 8
7042 7049 12
7035 7029 18
7001 7049 5
7040 7048 19
7006 7024 17
7013 7028 2
7011 7027 11
7031 7008 7
7029 7038 0
7031 7015 12
7044 7043 12
7028 7040 18
7027 7015 19
7023 7043 9
7030 7026 3
7048 7017 9
7043 7046 11
7018 7014 10
7040 7017 14
7002 7000 13
7022 7002 12
7011 7005 6
7029 7036 19
7043 7002 6
7005 7022 1
7028 7049 7
7010 7004 9
7018 7002 8
7035 7043 17
7043 7025 16
7007 7028 2
7041 7017 18
7039 7037 7
7008 7016 13
7044 7021 1
7045 7025 0
7025 7002 8
7017 7021 17
7034 7018 5
7031 7014 12
7002 7037 14
7029 7014 11
7012 7030 0
7015 7002 0
7003 7045 1
7043 7032 5
7031 7000 9
7021 7004 0
7010 7019 1
7045 7048 3
7049 7040 13
7010 7022 18
7045 7008 4
7049 7021 17
7048 7048 11
7026 7006 6
7006 7040 6
7042 7003 11
7024 7006 11
7134 7129 1
7148 7114 0
7127 7130 5
7131 7104 9
7121 7103 6
7133 7133 12
7109 7132 12
7141 7100 19
7134 7102 0
7148 7122 4
7115 7147 4
7127 7101 4
7149 7145 12
7115 7125 14
7120 7106 7
7143 7101 3
7115 7117 10
7109 7101 16
7121 7146 14
7128 7104 16
7123 7148 19
7122 7100 9
7112 7115 14
7100 7102 13
7113 7120 8
7122 7110 14
7141 7148 19
7114 7128 5
7108 7121 17
7102 7140 14
7116 7130 17
7102 7130 8
7206 7238 6
7231 7237 17
7215 7212 19
7224 7206 19
7219 7221 3
7249 7219 6
7214 7229 16
7230 7233 1
7220 7219 11
7244 7246 3
7212 7201 11
7232 7217 11
7220 7203 0
7202 7219 8
7244 7240 12
7243 7211 3
7206 7240 11
7222 7215 8
7215 7242 12
7231 7246 2
7238 7208 15
7219 7206 5
7238 7225 15
7208 7223 4
7206 7217 19
7247 7231 18
7206 7221 18
7208 7249 15
7200 7224 9
7208 7249 3
7229 7233 8
7223 7226 11
7238 7248 18
7221 7239 12
7234 7244 13
7236 7213 16
7223 7238 14
7230 7215 9
7233 7249 11
7242 7236 15
7241 7206 9
7204 7214 8
7202 7208 7
7241 7212 6
7245 7233 18
7249 7215 10
7222 7217 2
7236 7227 3
7244 7233 1
7227 7212 6
7213 7201 13
7223 7212 19
7230 7240 0
7204 7225 16
7203 7217 4
7200 7214 2
7232 7206 5
7242 7203 6
7212 7212 5
7229 7245 5
7239 7220 7
7201 7217 12
7216 7235 4
7234 7207 10
7242 7247 17
7207 7235 10
7233 7218 19
7209 7229 2
7232 7208 7
7217 7212 19
7207 7247 19
7228 7216 4
7216 7230 3
7208 7248 9
7201 7211 5
7207 7231 17
7230 7214 14
7214 7208 12
7248 7226 11
7206 7233 3
7227 7237 17
7223 7235 12
7231 7202 4
7214 7243 14
7221 7232 5
7225 7226 12
7308 7322 19
7328 7305 19
7327 7315 12
7327 7341 16
7348 7307 15
7345 7314 9
7300 7314 15
7320 7316 4
7324 7303 1
7311 7308 17
7348 7325 0
7304 7341 7
7307 7316 14
7328 7346 17
7305 7321 10
7325 7343 0
7302 7325 12
7305 7302 16
7322 7339 2
7334 7321 11
7342 7329 9
7301 7321 5
7336 7309 2
7318 7313 10
7329 7339 6
7331 7316 2
7333 7342 4
7311 7310 5
7314 7314 10
7308 7303 0
7304 7345 13
7300 7346 16
7320 7320 17
7327 7340 15
7327 7341 12
7427 7409 11
7423 7400 7
7447 7429 6
7416 7419 18
7433 7415 0
7416 7436 12
7445 7409 3
7444 7439 18
7406 7445 2
7411 7416 6
7400 7446 15
7415 7433 6
7408 7443 18
7432 7442 19
7405 7423 11
7428 7405 16
7435 7446 18
7527 7520 15
7519 7522 12
7522 7532 3
7530 7523 19
7514 7503 8
7529 7509 7
7533 7509 11
7546 7523 18
7518 7516 1
7537 7537 6
7530 7534 12
7540 7532 5
7500 7510 5
7528 7515 1
7548 7525 5
7531 7502 12
7535 7510 7
7540 7533 3
7526 7548 10
7524 7501 16
7536 7506 7
7500 7517 6
7510 7530 13
7511 7546 14
7540 7515 17
7532 7511 9
7505 7501 15
7514 7541 6
7544 7521 13
7533 7521 11
7502 7509 5
7507 7549 2
7509 7521 4
7526 7516 3
7518 7508 18
7503 7519 17
7526 7503 11
7512 7523 18
7538 7522 13
7503 7545 3
7548 7507 14
7522 7541 17
7531 7541 14
7520 7517 13
7525 7502 2
7507 7534 5
7537 7537 18
7542 7502 18
7521 7537 9
7532 7510 7
7522 7527 2
7539 7547 1
7512 7527 8
7505 7506 0
7518 7535 1
7515 7535 10
7530 7526 12
7529 7537 12
7528 7529 7
7511 7534 12
7507 7547 19
7541 7522 14
7534 7502 6
7544 7534 13
7505 7536 13
7519 7520 1
7619 7645 17
7609 7626 13
7613 7625 8
7640 7630 11
7635 7630 18
7618 7603 15
7647 7609 12
7626 7606 6
7629 7603 14
7633 7611 11
7636 7603 4
7604 7639 14
7620 7616 15
7632 7621 10
7618 7617 0
7644 7623 16
7610 7629 9
7633 7633 1
7643 7608 15
7641 7606 16
7635 7627 12
7639 7630 3
7634 7649 4
7628 7628 4
7607 7635 9
7607 7630 6
7643 7600 13
7614 7620 18
7626 7610 19
7601 7642 19
7632 7609 6
7602 7600 4
7645 7602 19
7639 7629 18
7639 7615 10
7628 7605 0
7645 7630 4
7642 7606 13
7641 7647 5
7617 7621 8
7647 7637 8
7600 7648 14
7630 7610 1
7620 7611 12
7612 7616 5
7642 7642 4
7628 7626 19
7637 7610 17
7645 7604 11
7627 7616 1
7630 7638 14
7736 7711 8
7746 7724 12
7707 7733 9
7709 7734 6
7708 7729 2
7749 7727 11
7735 7711 15
7703 7749 12
7713 7729 10
7732 7713 12
7700 7741 6
7742 7748 8
7749 7706 10
7705 7745 6
7730 7712 8
7718 7749 19
7739 7723 1
7731 7716 19
7703 7733 19
7740 7717 6
7743 7702 7
7739 7736 4
7737 7749 13
7717 7729 14
7723 7714 6
7721 7716 19
7717 7725 14
7704 7722 17
7717 7729 0
7740 7739 11
7721 7709 8
7723 7739 5
7742 7701 16
7705 7715 3
7714 7726 14
7727 7702 2
7726 7714 5
7710 7718 14
7716 7704 10
7719 7717 19
7713 7731 14
7730 7702 17
7700 7724 10
7710 7733 7
7732 7746 19
7733 7729 8
7712 7712 3
7717 7739 18
7719 7714 6
7703 7744 13
7730 7710 18
7733 7719 9
7733 7731 17
7731 7745 14
7744 7719 7
7702 7745 1
7741 7740 1
7714 7724 17
7749 7701 3
7706 7734 19
7708 7722 3
7731 7741 4
7724 7717 18
7720 7736 19
7709 7716 13
7725 7742 14
7743 7735 16
7706 7714 7
7712 7709 17
7715 7715 3
7732 7723 7
7709 7744 18
7716 7739 12
7720 7740 0
7712 7727 16
7706 7729 14
7734 7703 18
7720 7712 18
7732 7724 1
7726 7737 7
7707 7721 5
7722 7734 18
7704 7744 18
7746 7709 15
7720 7741 4
7722 7729 4
7706 7725 7
7702 7706 9
7703 7746 1
7717 7719 17
7734 7740 0
7717 7720 19
7719 7747 16
7715 7712 5
7704 7714 16
7719 7703 11
7727 7748 17
7715 7714 2
7711 7717 4
7804 7818 18
7827 7848 12
7843 7805 8
7821 7828 14
7821 7811 16
7801 7838 4
7833 7809 17
7836 7820 14
7836 7801 9
7811 7844 11
7802 7812 14
7819 7822 19
7827 7837 3
7844 7801 18
7842 7837 12
7847 7847 11
7812 7831 17
7847 7837 1
7814 7826 16
7823 7844 14
7820 7847 4
7845 7839 16
7814 7801 7
7811 7817 13
7816 7837 7
7829 7822 2
7830 7847 9
7806 7845 11
7836 7824 10
7826 7819 19
7831 7808 19
7820 7825 5
7808 7843 1
7805 7822 9
7830 7825 17
7837 7837 12
7848 7844 18
7841 7842 0
7841 7829 16
7800 7844 11
7806 7837 10
7837 7831 8
7823 7841 14
7834 7800 9
7814 7843 9
7846 7827 19
7839 7804 9
7808 7847 11
7800 7827 1
7924 7935 12
7940 7901 9
7937 7907 2
7909 7920 5
7935 7907 3
7902 7928 7
7904 7943 14
7919 7940 12
7903 7915 1
7926 7936 0
7904 7941 16
7942 7934 12
7945 7947 4
7944 7915 16
7928 7922 10
7943 7932 1
7922 7922 4
7943 7903 4
7922 7907 16
7949 7920 5
7906 7905 2
7948 7946 16
7912 7928 11
7922 7905 2
7917 7941 10
7949 7911 14
7925 7926 2
7933 7912 15
7905 7915 19
7913 7907 14
7938 7911 19
7927 7944 17
7923 7937 7
7932 7927 19
7949 7911 4
7938 7904 8
7928 7911 4
8007 8025 19
8049 8044 6
8037 8007 3
8041 8038 3
8043 8009 2
8002 8037 13
8045 8048 17
8025 8034 6
8011 8038 1
8018 8027 11
8034 8011 1
8015 8005 4
8010 8023 15
8008 8010 6
8044 8045 18
8025 8036 15
8002 8045 3
8020 8040 3
8019 8010 11
8030 8024 16
8032 8002 16
8038 8024 0
8039 8022 7
8016 8005 8
8020 8037 14
8008 8043 1
8001 8003 19
8038 8042 17
8024 8042 1
8001 8042 13
8030 8040 2
8015 8038 13
8019 8048 11
8022 8018 15
8003 8048 11
8037 8004 5
8012 8022 5
8034 8049 16
8016 8017 13
8041 8022 9
8039 8007 15
8014 8014 6
8013 8038 9
8049 8031 0
8038 8049 10
8029 8032 6
8008 8009 14
8015 8045 18
8048 8013 8
8034 8027 0
8028 8041 8
8004 8041 11
8000 8028 11
8041 8021 11
8030 8017 7
8013 8048 1
8032 8042 10
8038 8003 18
8025 8019 1
8023 8005 9
8047 8029 9
8037 8002 2
8031 8013 17
8034 8019 1
8046 8013 16
8124 8129 19
8135 8101 1
8103 8115 11
8134 8134 5
8127 8104 8
8128 8109 11
8114 8119 15
8124 8101 0
8107 8127 9
8129 8107 5
8141 8145 8
8128 8103 10
8144 8103 6
8104 8129 7
8121 8100 17
8120 8127 0
8126 8116 13
8127 8124 11
8138 8104 16
8148 8142 11
8134 8123 8
8128 8138 16
8100 8138 4
8120 8149 14
8121 8103 15
8118 8134 10
8144 8118 0
8117 8138 4
8124 8113 19
8108 8106 10
8141 8137 8
8113 8140 19
8146 8105 12
8109 8148 5
8113 8121 13
8135 8146 14
8127 8131 3
8116 8134 19
8102 8148 12
8102 8106 17
8120 8135 7
8114 8119 5
8126 8112 17
8116 8119 15
8105 8136 10
8133 8114 7
8139 8145 17
8144 8132 7
8109 8117 18
8145 8130 12
8124 8130 16
8128 8122 0
8123 8138 17
8105 8120 0
8113 8135 9
8145 8137 4
8138 8148 17
8130 8134 0
8143 8101 6
8101 8147 11
8148 8147 1
8144 8118 12
8114 8102 18
8109 8123 4
8115 8114 17
8140 8110 6
8110 8107 17
8233 8215 2
8234 8241 11
8226 8231 5
8204 8203 12
8247 8218 0
8227 8201 17
8202 8209 10
8223 8208 14
8220 8239 10
8240 8240 1
8216 8230 15
8227 8226 13
8212 8227 16
8204 8217 12
8204 8220 11
8215 8247 10
8203 8211 17
8217 8230 14
8216 8219 6
8204 8244 4
8234 8238 3
8241 8234 18
8237 8237 4
8208 8222 6
8234 8214 5
8223 8229 6
8202 8243 3
8209 8243 12
8203 8244 0
8204 8249 12
8221 8218 19
8247 8246 18
8239 8240 10
8219 8221 17
8205 8243 4
8224 8237 16
8223 8228 5
8222 8232 19
8218 8204 17
8249 8218 10
8215 8242 19
8209 8236 6
8249 8246 15
8233 8225 18
8247 8221 4
8215 8228 8
8245 8238 3
8216 8201 16
8246 8212 17
8201 8223 5
8247 8230 6
8237 8217 7
8219 8243 2
8224 8228 4
8208 8220 17
8242 8212 8
8219 8232 9
8215 8216 19
8208 8240 16
8302 8318 11
8321 8323 7
8300 8313 15
8303 8332 8
8321 8348 1
8326 8325 3
8317 8330 7
8300 8320 15
8303 8303 17
8300 8341 19
8335 8324 6
8303 8326 10
8345 8310 16
8310 8334 10
8325 8322 17
8307 8340 18
8349 8323 19
8324 8340 0
8316 8329 12
8300 8303 2
8333 8305 13
8435 8436 5
8402 8441 18
8543 8526 13
8537 8514 16
8540 8529 13
8524 8536 16
8520 8542 1
8546 8526 19
8547 8507 2
8543 8526 3
8538 8543 11
8549 8502 19
8540 8514 8
8520 8518 12
8548 8533 8
8508 8502 16
8536 8539 1
8512 8519 11
8517 8516 19
8542 8508 1
8514 8511 9
8549 8524 4
8523 8501 15
8501 8539 4
8525 8518 3
8514 8522 17
8541 8528 7
8500 8539 11
8502 8505 5
8526 8549 15
8533 8504 7
8518 8528 16
8511 8541 3
8546 8514 11
8544 8544 2
8547 8500 5
8504 8548 16
8505 8548 2
8538 8546 10
8537 8522 18
8515 8543 15
8537 8507 5
8544 8530 15
8546 8535 18
8528 8500 14
8540 8507 14
8516 8549 15
8544 8508 6
8543 8529 3
8520 8545 16
8532 8527 9
8505 8516 10
8533 8533 5
8503 8530 9
8540 8516 14
8525 8524 10
8524 8507 0
8547 8532 16
8512 8528 17
8528 8530 3
8533 8533 15
8519 8500 9
8524 8527 8
8506 8541 3
8542 8528 2
8528 8526 0
8532 8543 19
8503 8547 1
8537 8532 12
8549 8508 5
8510 8530 6
8511 8529 18
8505 8547 14
8531 8506 18
8508 8509 17
8545 8536 4
8540 8506 3
8508 8510 13
8530 8541 17
8525 8514 13
8531 8505 11
8532 8525 5
8505 8530 19
8644 8608 19
8627 8632 1
8642 8630 13
8633 8614 2
8600 8642 19
8629 8634 19
8641 8646 6
8642 8607 9
8606 8606 8
8605 8601 19
8609 8633 12
8647 8638 12
8620 8625 5
8639 8611 15
8614 8621 18
8601 8606 3
8617 8615 18
8615 8603 4
8644 8612 7
8634 8619 5
8618 8648 18
8639 8636 6
8620 8623 8
8606 8603 6
8648 8649 11
8642 8616 18
8635 8605 9
8648 8632 15
8602 8625 9
8606 8646 0
8643 8617 18
8610 8627 13
8735 8734 12
8729 8747 18
8722 8726 6
8741 8737 1
8736 8704 11
8745 8712 14
8748 8703 1
8716 8704 0
8723 8718 19
8715 8741 13
8704 8730 11
8713 8712 9
8707 8702 10
8703 8742 7
8706 8734 2
8746 8745 18
8745 8707 6
8735 8727 8
8711 8701 15
8721 8727 2
8709 8732 11
8711 8725 11
8716 8730 1
8738 8741 2
8712 8734 14
8701 8749 14
8727 8700 19
8746 8738 12
8739 8740 13
8740 8746 2
8707 8728 10
8723 8736 17
8707 8715 9
8744 8703 9
8745 8706 2
8714 8736 2
8716 8744 4
8745 8731 7
8716 8722 10
8718 8730 13
8716 8741 8
8744 8734 15
8736 8744 14
8741 8743 14
8727 8738 15
8715 8736 16
8710 8733 12
8700 8705 11
8742 8735 10
8717 8721 9
8712 8710 4
8722 8741 13
8749 8725 0
8727 8700 5
8747 8708 18
8739 8725 13
8741 8745 6
8741 8711 7
8728 8701 15
8719 8743 1
8728 8723 16
8700 8703 4
8734 8712 4
8746 8748 4
8731 8708 4
8702 8731 12
8746 8702 11
8701 8729 5
8704 8746 19
8725 8717 18
8730 8709 16
8726 8739 18
8742 8716 7
8743 8727 1
8744 8720 5
8731 8726 11
8719 8702 1
8740 8721 6
8729 8709 13
8744 8731 11
8701 8734 7
8737 8735 16
8729 8727 19
8718 8705 5
8718 8726 19
8747 8747 0
8706 8718 12
8817 8836 7
8820 8809 2
8832 8828 16
8840 8835 0
8820 8826 13
8803 8842 17
8828 8800 13
8838 8819 10
8838 8847 10
8817 8812 11
8839 8815 16
8805 8835 12
8845 8807 19
8835 8804 13
8828 8839 8
8807 8837 17
8836 8848 19
8838 8820 0
8810 8827 7
8810 8841 9
8827 8842 0
8820 8839 4
8847 8840 1
8846 8808 11
8821 8846 9
8838 8835 19
8812 8841 8
8838 8822 4
8802 8825 19
8830 8812 19
8814 8819 12
8822 8812 0
8817 8803 9
8815 8844 16
8821 8829 6
8812 8835 16
8817 8830 10
8806 8816 16
8833 8834 1
8817 8831 6
8830 8842 16
8844 8832 16
8813 8822 5
8836 8841 1
8809 8806 19
8813 8815 16
8834 8834 6
8804 8816 1
8834 8831 12
8803 8817 5
8810 8825 14
8843 8826 2
8845 8840 11
8825 8804 1
8837 8806 8
8826 8819 11
8831 8804 12
8813 8800 3
8801 8833 19
8807 8802 11
8817 8836 3
8846 8826 8
8841 8833 8
8832 8837 9
8846 8831 17
8829 8802 3
8829 8832 9
8819 8843 8
8828 8825 0
8849 8807 10
8827 8846 2
8814 8823 13
8828 8818 10
8813 8838 10
8846 8816 5
8843 8833 11
8839 8824 7
8825 8842 8
8810 8834 7
8830 8823 1
8815 8806 11
8832 8840 11
8831 8826 2
8811 8803 18
8821 8805 9
8822 8803 14
8828 8845 13
8847 8804 4
8815 8804 9
8825 8804 10
8808 8827 18
8848 8824 6
8815 8827 16
8807 8820 2
8913 8948 17
8943 8900 14
8920 8911 0
8924 8909 11
8928 8903 17
8927 8938 17
8940 8934 4
8938 8936 11
8921 8924 11
8936 8923 2
8931 8913 0
8948 8938 15
8901 8912 7
8920 8949 1
8906 8903 8
8943 8918 1
8910 8939 18
8914 8934 17
8938 8913 18
8907 8925 18
8941 8921 13
8914 8949 17
8918 8916 12
8915 8946 19
8917 8904 2
8919 8916 17
8946 8903 9
8904 8943 15
8930 8903 18
8912 8928 1
8918 8926 14
8947 8949 18
8903 8944 6
8904 8916 7
8941 8909 7
8919 8948 7
8936 8940 10
8939 8910 8
8942 8902 13
8906 8938 7
8906 8949 17
8909 8924 16
8907 8904 17
8908 8924 12
8937 8919 10
8914 8909 9
8909 8942 2
8906 8906 10
8941 8945 18
8934 8942 19
8907 8914 5
8908 8947 12
8905 8903 14
8911 8923 15
8908 8937 9
8936 8949 15
8907 8936 6
8934 8910 0
8934 8926 9
8930 8900 1
8947 8909 3
8942 8920 14
8901 8922 11
8917 8913 2
8917 8948 4
8934 8941 16
9028 9000 18
9027 9045 5
9007 9008 3
9025 9028 16
9023 9020 11
9027 9002 19
9035 9006 9
9032 9019 18
9012 9027 15
9045 9034 15
9030 9035 12
9016 9002 13
9004 9033 12
9025 9016 7
9017 9005 12
9017 9047 9
9049 9049 7
9011 9010 17
9009 9001 9
9020 9028 8
9048 9043 6
9022 9025 16
9001 9042 9
9027 9014 11
9026 9019 17
9034 9035 9
9007 9003 10
9021 9008 0
9024 9031 5
9015 9014 10
9023 9025 18
9031 9043 9
9015 9049 10
9024 9035 12
9006 9027 15
9005 9026 13
9029 9032 8
9033 9036 19
9025 9026 13
9021 9021 17
9126 9121 10
9138 9146 18
9144 9141 12
9146 9116 15
9122 9111 11
9140 9132 10
9117 9107 17
9134 9106 8
9134 9102 4
9109 9114 11
9134 9128 7
9109 9141 19
9112 9133 8
9119 9112 9
9115 9121 14
9143 9138 9
9132 9119 19
9147 9114 8
9118 9111 17
9133 9112 0
9116 9123 14
9105 9127 14
9141 9114 15
9102 9128 10
9122 9148 14
9132 9126 3
9116 9105 16
9138 9138 5
9141 9115 19
9109 9130 3
9134 9135 9
9101 9123 0
9100 9107 11
9100 9100 4
9147 9105 10
9145 9113 5
9101 9131 14
9143 9123 0
9125 9137 1
9146 9118 7
9122 9133 4
9146 9132 16
9109 9126 4
9126 9130 17
9107 9138 13
9131 9139 17
9108 9113 10
9106 9102 11
9148 9124 6
9146 9114 9
9120 9119 5
9121 9116 3
9142 9124 1
9123 9145 4
9127 9101 9
9135 9126 18
9117 9149 8
9117 9144 10
9106 9122 2
9226 9241 12
9228 9222 9
9201 9247 19
9222 9221 11
9201 9224 16
9209 9225 15
9202 9240 18
9238 9209 8
9222 9235 7
9249 9205 6
9228 9208 2
9233 9247 9
9236 9200 10
9235 9227 16
9229 9203 16
9226 9216 2
9242 9211 13
9225 9241 1
9242 9238 1
9349 9318 4
9300 9308 18
9348 9345 2
9317 9305 2
9443 9444 17
9419 9421 19
9405 9400 15
9403 9412 5
9414 9432 8
9436 9408 19
9403 9413 12
9445 9407 17
9442 9437 12
9431 9400 17
9401 9449 14
9427 9432 4
9422 9427 7
9440 9435 11
9417 9417 12
9409 9421 16
9435 9429 6
9407 9448 6
9443 9413 8
9427 9404 11
9423 9408 0
9444 9403 11
9407 9423 15
9425 9409 15
9415 9405 11
9417 9423 17
9411 9439 18
9433 9446 0
9408 9447 13
9420 9418 18
9442 9445 12
9435 9413 2
9441 9434 4
9415 9426 11
9443 9401 19
9442 9429 3
9432 9402 14
9413 9412 8
9528 9549 17
9518 9549 5
9528 9546 5
9524 9528 12
9534 9500 4
9511 9531 13
9549 9528 8
9549 9515 1
9519 9507 15
9534 9506 10
9512 9529 15
9507 9517 12
9544 9534 9
9500 9502 8
9532 9538 12
9528 9505 0
9540 9528 10
9502 9512 16
9531 9547 16
9548 9543 6
9510 9518 0
9514 9538 5
9503 9503 9
9502 9542 1
9526 9516 16
9504 9511 12
9500 9530 5
9517 9530 9
9520 9533 14
9545 9512 16
9503 9525 11
9640 9603 0
9600 9634 10
9615 9646 16
9611 9640 5
9646 9641 2
9600 9643 17
9633 9649 7
9627 9649 16
9649 9603 2
9621 9603 17
9608 9601 13
9603 9620 16
9643 9649 5
9616 9638 2
9600 9622 3
9646 9615 1
9631 9649 10
9646 9640 9
9606 9622 0
9600 9627 15
9631 9612 1
9603 9609 1
9640 9634 15
9619 9605 13
9629 9619 17
9617 9644 18
9604 9625 17
9616 9604 8
9620 9620 12
9603 9621 19
9617 9616 8
9624 9616 12
9628 9638 4
9624 9624 7
9611 9638 16
9601 9637 5
9606 9636 3
9631 9642 12
9601 9621 9
9619 9614 4
9600 9616 12
9634 9610 16
9634 9628 19
9619 9605 10
9619 9611 5
9615 9634 1
9643 9637 17
9615 9614 9
9609 9614 19
9643 9610 7
9603 9617 11
9634 9603 6
9630 9621 3
9630 9603 10
9623 9636 14
9634 9649 19
9629 9630 17
9630 9622 15
9634 9639 11
9734 9702 9
9723 9720 14
9721 9742 10
9747 9749 5
9735 9728 3
9704 9708 0
9710 9745 8
9721 9709 17
9725 9738 18
9745 9744 1
9732 9707 4
9746 9742 13
9720 9749 16
9712 9702 6
9740 9726 13
9739 9732 14
9714 9700 11
9747 9735 1
9734 9745 1
9739 9712 0
9709 9705 8
9718 9740 12
9749 9731 5
9723 9730 2
9705 9732 4
9746 9724 15
9713 9741 7
9718 9713 14
9742 9742 18
9706 9744 6
9714 9724 18
9738 9731 3
9736 9701 3
9731 9715 6
9733 9740 9
9737 9727 9
9719 9701 18
9742 9734 17
9712 9701 4
9725 9730 19
9734 9704 7
9702 9729 19
9711 9718 17
9729 9709 19
9745 9727 19
9746 9709 6
9735 9704 18
9703 9727 19
9730 9727 14
9728 9749 6
9712 9748 7
9731 9705 11
9746 9746 2
9741 9737 12
9701 9703 9
9742 9742 1
9730 9728 8
9728 9728 2
9712 9714 4
9701 9748 7
9743 9745 0
9742 9727 14
9721 9737 8
9730 9718 7
9731 9724 18
9744 9715 12
9708 9725 0
9739 9708 17
9728 9743 12
9726 9710 16
9709 9741 17
9711 9738 10
9724 9730 2
9817 9800 15
9810 9846 11
9810 9835 17
9843 9842 3
9834 9828 13
9807 9811 14
9800 9834 5
9835 9816 12
9832 9829 12
9800 9839 17
9824 9810 17
9821 9819 19
9815 9822 8
9849 9849 10
9811 9846 8
9805 9829 3
9805 9840 12
9803 9812 5
9836 9841 13
9825 9845 0
9849 9822 14
9806 9836 1
9835 9801 7
9849 9849 1
9802 9800 10
9803 9802 8
9802 9803 11
9807 9836 15
9830 9817 8
9807 9816 14
9801 9846 0
9842 9806 3
9830 9806 8
9848 9817 17
9845 9826 13
9831 9822 12
9803 9806 4
9812 9805 10
9849 9819 5
9839 9823 8
9807 9826 11
9840 9819 12
9805 9823 14
9821 9819 13
9845 9818 1
9846 9808 11
9831 9836 4
9839 9820 15
9833 9816 1
9818 9822 7
9816 9835 2
9827 9843 10
9828 9829 17
9802 9849 3
9824 9835 18
9820 9842 15
9846 9817 16
9802 9848 2
9809 9805 18
9846 9824 16
9801 9811 16
9844 9819 15
9811 9810 12
9838 9808 8
9817 9838 2
9827 9829 1
9835 9835 6
9805 9823 10
9819 9836 7
9808 9845 12
9810 9824 2
9849 9839 4
9844 9813 11
9818 9834 16
9829 9833 4
9828 9827 0
9809 9834 0
9837 9811 8
9815 9813 6
9823 9826 11
9808 9828 14
9808 9847 9
9802 9821 19
9800 9838 5
9817 9841 11
9831 9806 1
9809 9842 7
9803 9837 18
9818 9826 15
9823 9817 3
9803 9803 15
9824 9843 15
9819 9842 14
9825 9849 6
9828 9849 8
9914 9905 18
9932 9921 6
9934 9908 16
9927 9932 13
9923 9904 13
9913 9906 3
9907 9926 18
9926 9925 19
9900 9900 16
9938 9927 15
9941 9907 11
9906 9907 3
9904 9932 8
9903 9927 6
9904 9911 12
9919 9907 2
9915 9930 0
9942 9905 2
9924 9917 4
9938 9915 14
9925 9919 5
9917 9900 7
9924 9900 13
9926 9949 17
9938 9928 10
9941 9925 18
9904 9945 7
9932 9910 3
9911 9945 17
10023 10004 12
10015 10038 3
10009 10045 14
10019 10013 8
10011 10042 15
10025 10009 13
10049 10048 0
10006 10015 10
10013 10004 11
10014 10007 5
10015 10021 5
10033 10014 12
10022 10045 14
10015 10026 19
10039 10010 3
10000 10032 2
10017 10023 17
10019 10044 9
10033 10004 2
10028 10043 8
10005 10015 19
10046 10026 13
