4659
144 149 17
106 135 17
112 107 18
114 147 4
136 122 1
110 138 17
124 141 12
126 118 7
103 106 19
143 145 3
149 105 15
141 100 9
147 100 0
109 132 4
136 128 4
128 112 7
111 118 16
118 116 10
117 121 9
118 137 18
141 148 0
145 132 15
130 133 0
140 119 4
133 104 1
128 130 16
108 112 0
120 120 13
132 130 18
114 101 6
100 123 8
124 124 19
111 146 15
120 122 4
136 117 17
106 148 6
144 127 15
128 122 8
148 122 18
113 131 15
128 149 13
113 116 11
128 109 14
139 108 15
132 120 6
128 132 13
102 143 6
101 120 8
140 142 14
119 136 4
132 128 13
132 132 7
146 148 18
120 136 12
131 100 16
130 101 16
131 107 2
114 125 3
134 141 15
125 116 5
133 104 18
115 137 5
103 126 1
133 145 9
102 108 8
117 112 10
128 142 17
116 134 12
113 138 19
114 124 19
110 134 6
117 122 3
137 129 2
143 145 1
103 144 0
147 121 0
106 104 12
117 100 4
113 106 11
130 123 13
148 132 12
115 118 4
132 102 8
100 102 19
142 104 18
132 143 13
116 103 8
136 122 3
121 142 12
104 123 1
234 248 0
214 234 6
222 221 3
238 212 1
233 227 13
233 229 16
204 249 8
221 207 19
220 229 4
212 248 13
212 249 5
213 217 8
245 210 18
213 228 13
239 211 5
226 226 11
238 200 19
223 237 4
213 206 19
242 224 10
211 205 14
238 233 3
230 210 12
226 225 1
247 200 7
228 245 19
225 242 12
230 213 9
248 245 14
210 213 1
241 201 16
201 211 1
210 247 18
220 232 15
247 227 6
205 237 12
224 210 5
233 243 7
227 249 3
248 214 12
234 238 8
242 245 18
241 215 15
222 245 17
240 201 15
211 219 17
200 207 15
204 225 11
244 228 6
208 224 2
210 249 10
248 231 4
209 213 11
233 232 6
241 236 18
221 210 10
212 222 19
201 236 6
245 226 16
235 211 9
200 241 19
242 213 11
245 230 15
249 226 4
242 211 14
233 220 11
230 231 4
218 237 7
239 209 6
200 242 12
219 223 13
213 230 17
238 209 15
228 227 12
214 202 19
219 216 3
216 242 3
218 220 3
214 216 15
202 222 2
337 338 12
332 345 8
325 344 15
339 345 1
326 324 16
342 334 1
319 306 13
303 339 1
314 311 17
339 304 19
346 324 2
315 318 7
343 303 17
343 305 0
331 336 18
317 315 8
348 339 15
349 344 15
307 312 18
343 336 5
320 340 3
325 324 12
312 304 18
310 339 2
316 307 1
315 300 7
320 320 0
325 309 14
316 329 10
334 345 10
313 313 14
312 302 16
317 324 11
338 331 11
329 345 15
314 309 16
319 333 19
341 329 14
308 331 8
336 346 8
318 345 15
335 319 15
333 322 2
336 306 4
328 336 15
327 318 6
307 304 1
338 325 7
336 349 4
310 310 5
322 320 9
318 320 15
338 343 0
326 335 10
346 318 10
316 341 7
300 339 6
317 310 14
343 314 1
343 328 18
315 330 19
326 323 17
332 300 7
317 308 15
345 329 6
324 314 10
315 340 11
343 315 5
332 337 2
328 347 0
330 326 5
328 330 11
336 309 6
347 315 3
347 329 1
312 340 3
309 308 15
342 322 3
303 331 9
322 324 15
349 348 16
320 304 17
320 325 0
346 309 4
307 300 3
332 306 11
309 316 3
307 306 6
330 318 10
301 328 18
341 341 1
334 346 11
322 339 1
343 338 5
327 330 19
330 330 19
320 337 1
337 327 16
349 318 0
443 413 5
436 433 19
401 403 14
424 434 18
415 418 16
423 415 0
416 438 16
407 411 5
403 448 7
527 505 14
513 509 15
514 518 15
541 518 12
518 505 12
530 515 15
544 505 1
505 512 14
545 501 11
516 529 11
506 547 0
521 523 9
540 515 0
509 525 10
531 505 15
527 519 4
500 527 16
502 526 7
508 512 15
521 502 11
520 547 19
538 516 12
530 518 13
508 512 3
541 526 17
526 544 1
539 517 15
539 520 18
524 544 14
500 510 18
518 543 6
546 501 18
515 514 0
529 531 18
533 520 15
505 506 2
522 533 7
510 538 16
503 531 18
516 519 18
535 538 16
502 524 18
504 542 5
532 549 9
500 501 19
518 521 2
507 539 1
515 531 4
547 520 2
528 534 4
502 501 19
520 525 18
544 508 15
525 526 2
526 518 2
528 544 9
506 517 19
517 510 8
532 549 14
502 502 0
520 503 19
533 511 11
544 546 9
506 515 7
539 526 0
513 536 4
536 527 7
512 535 11
513 501 0
649 616 8
602 649 11
643 611 13
600 635 15
640 642 14
617 646 19
630 604 8
618 601 9
606 638 15
613 621 4
605 604 5
608 629 14
640 627 16
634 605 6
610 626 10
642 638 2
633 623 10
648 625 19
615 636 13
604 620 18
634 630 11
627 615 8
629 635 19
711 724 5
703 716 9
701 706 7
744 718 11
725 734 0
749 724 15
720 706 12
743 731 11
725 727 7
734 731 12
734 739 17
742 720 2
723 743 11
742 737 5
728 704 18
740 718 4
735 709 7
736 719 0
724 737 5
740 709 10
717 719 17
827 814 7
819 847 14
806 823 13
817 810 5
833 831 9
939 904 0
928 948 19
936 906 19
939 914 0
918 943 8
943 913 18
934 915 11
944 949 7
945 932 16
946 918 10
931 917 15
906 944 19
901 917 14
914 927 6
949 910 5
910 904 0
947 909 15
905 928 4
911 907 1
923 942 9
911 902 4
942 903 15
901 907 1
920 917 5
920 947 4
934 900 7
905 944 7
939 912 12
908 921 10
901 948 7
925 931 16
909 939 15
944 934 14
932 900 19
905 949 4
910 901 18
948 917 9
913 923 8
932 943 8
925 911 1
900 914 3
930 925 10
901 926 9
911 946 10
924 948 11
902 942 10
922 926 18
900 904 12
916 919 4
946 913 1
913 935 1
942 910 1
935 923 7
916 918 6
933 936 1
917 937 10
910 928 6
914 941 12
907 941 9
901 948 5
921 933 19
933 931 3
906 937 5
923 916 5
944 910 3
1043 1038 3
1002 1015 14
1017 1047 3
1038 1005 0
1038 1014 17
1006 1023 8
1021 1033 17
1018 1023 15
1038 1041 10
1019 1043 5
1032 1022 11
1041 1030 3
1046 1046 16
1027 1000 6
1002 1002 16
1024 1010 15
1019 1031 15
1025 1047 13
1044 1005 0
1045 1024 5
1042 1009 7
1031 1030 14
1038 1021 12
1004 1019 10
1036 1044 2
1007 1021 4
1019 1000 18
1020 1026 0
1007 1047 0
1027 1001 16
1020 1028 14
1005 1045 16
1017 1036 7
1008 1023 4
1013 1010 2
1022 1028 14
1042 1045 11
1043 1041 19
1019 1014 8
1044 1040 16
1045 1008 10
1049 1038 5
1033 1003 9
1032 1025 7
1013 1016 15
1048 1011 10
1013 1024 5
1026 1046 11
1025 1045 7
1027 1038 16
1046 1021 18
1035 1044 9
1036 1019 15
1028 1040 17
1046 1015 3
1040 1048 4
1012 1021 14
1042 1007 17
1015 1017 7
1035 1039 18
1036 1048 1
1005 1014 16
1015 1019 4
1022 1036 9
1009 1033 6
1020 1037 12
1033 1012 11
1006 1032 13
1037 1048 16
1036 1007 19
1004 1001 8
1016 1040 5
1046 1034 4
1031 1027 7
1014 1019 2
1039 1007 10
1015 1035 1
1017 1041 7
1018 1021 18
1037 1006 5
1010 1020 9
1046 1044 16
1134 1117 1
1144 1133 4
1105 1100 18
1140 1118 5
1144 1143 16
1129 1127 1
1101 1101 11
1112 1137 10
1113 1143 1
1149 1111 8
1226 1237 12
1235 1240 13
1203 1243 18
1215 1207 6
1211 1226 13
1212 1221 8
1218 1226 0
1227 1215 18
1248 1229 15
1215 1216 19
1224 1227 9
1208 1246 15
1245 1231 1
1213 1217 10
1231 1237 15
1215 1205 8
1210 1200 10
1237 1245 0
1234 1239 12
1218 1248 2
1248 1243 3
1230 1232 16
1222 1238 14
1217 1224 5
1222 1201 6
1222 1216 4
1242 1206 5
1247 1206 19
1213 1237 19
1249 1205 1
1230 1239 4
1200 1247 14
1211 1242 17
1209 1249 0
1202 1233 18
1243 1205 11
1225 1235 13
1206 1216 1
1205 1232 6
1248 1224 11
1245 1214 11
1247 1215 5
1234 1224 3
1227 1241 13
1207 1228 19
1200 1218 11
1225 1208 12
1238 1248 11
1228 1204 11
1239 1218 9
1224 1221 11
1204 1205 10
1209 1202 8
1237 1244 3
1207 1249 9
1209 1227 0
1244 1233 10
1231 1230 13
1227 1213 11
1235 1204 9
1232 1245 1
1215 1205 8
1203 1202 16
1246 1227 2
1220 1202 9
1245 1221 18
1232 1200 11
1244 1229 7
1233 1217 14
1200 1221 19
1234 1211 4
1225 1221 4
1235 1246 18
1329 1332 9
1338 1339 16
1307 1317 11
1309 1316 8
1337 1310 2
1309 1308 15
1319 1325 10
1319 1331 9
1341 1335 1
1323 1310 12
1343 1347 6
1347 1320 19
1305 1323 9
1323 1324 10
1326 1307 14
1338 1315 3
1347 1334 15
1348 1317 8
1332 1326 1
1332 1341 16
1306 1348 7
1305 1339 19
1321 1308 1
1318 1322 12
1315 1311 19
1316 1342 8
1343 1321 6
1310 1300 5
1332 1342 8
1345 1324 8
1301 1321 8
1309 1300 8
1346 1320 16
1337 1302 18
1319 1309 1
1306 1341 4
1324 1317 10
1329 1321 16
1338 1320 17
1346 1342 11
1330 1349 7
1329 1313 11
1328 1343 9
1345 1318 17
1346 1320 19
1316 1312 0
1410 1420 3
1415 1428 9
1408 1406 13
1423 1401 15
1421 1415 4
1429 1412 19
1400 1428 5
1430 1444 13
1403 1444 17
1437 1433 4
1446 1430 2
1410 1410 10
1437 1418 15
1428 1403 12
1419 1428 14
1409 1400 9
1410 1429 8
1434 1430 11
1445 1429 9
1401 1404 9
1449 1407 0
1416 1403 2
1401 1408 19
1429 1418 10
1437 1445 6
1416 1433 0
1419 1443 17
1413 1410 14
1401 1423 0
1427 1406 16
1411 1440 19
1444 1420 17
1432 1442 10
1430 1429 9
1436 1440 7
1437 1437 10
1405 1419 15
1413 1434 19
1409 1435 13
1448 1440 10
1428 1401 6
1436 1408 8
1423 1435 2
1435 1431 6
1449 1425 10
1406 1417 3
1440 1428 17
1429 1419 9
1449 1440 9
1405 1416 7
1442 1419 13
1402 1411 19
1403 1435 7
1417 1424 12
1417 1420 0
1443 1441 10
1437 1434 8
1421 1432 10
1437 1438 14
1430 1435 0
1405 1414 19
1417 1409 15
1402 1443 6
1406 1409 19
1407 1439 6
1444 1414 16
1409 1411 4
1446 1411 11
1431 1441 2
1419 1415 1
1422 1434 18
1403 1443 16
1403 1433 14
1441 1430 18
1413 1416 11
1449 1421 6
1402 1404 8
1432 1409 1
1425 1429 14
1430 1432 6
1442 1440 7
1432 1438 6
1504 1547 10
1510 1529 12
1522 1532 3
1503 1506 1
1535 1516 11
1514 1548 8
1649 1618 10
1626 1630 1
1606 1646 8
1636 1630 5
1647 1629 17
1613 1601 3
1634 1627 16
1648 1639 6
1608 1638 10
1619 1638 16
1633 1603 10
1626 1613 18
1610 1620 3
1608 1610 15
1634 1603 15
1627 1621 7
1608 1600 0
1642 1600 18
1638 1646 19
1647 1616 12
1631 1605 6
1603 1624 10
1642 1627 0
1619 1647 16
1617 1637 10
1600 1648 11
1616 1645 9
1646 1629 16
1605 1644 7
1617 1611 0
1642 1630 3
1622 1608 18
1630 1608 16
1607 1634 0
1648 1635 16
1743 1720 14
1704 1711 6
1735 1713 9
1730 1733 0
1700 1747 1
1709 1724 4
1741 1715 19
1715 1745 9
1713 1740 15
1744 1720 10
1732 1731 4
1739 1736 15
1814 1810 6
1816 1800 13
1809 1846 0
1818 1830 8
1817 1820 11
1818 1817 6
1808 1800 10
1811 1819 2
1821 1803 11
1836 1813 0
1827 1821 12
1832 1818 7
1813 1807 1
1806 1844 3
1836 1810 5
1842 1824 13
1808 1843 15
1823 1800 5
1828 1836 18
1814 1818 9
1817 1820 5
1803 1808 1
1830 1801 6
1831 1835 17
1818 1834 9
1819 1822 11
1842 1816 0
1807 1802 13
1804 1849 18
1808 1821 0
1831 1810 8
1822 1845 9
1828 1803 10
1816 1843 17
1831 1813 19
1848 1839 14
1802 1815 5
1800 1820 1
1816 1834 16
1846 1837 6
1849 1826 6
1822 1809 8
1802 1826 10
1808 1826 0
1802 1841 1
1821 1836 16
1825 1822 9
1804 1804 17
1834 1841 9
1814 1816 7
1830 1808 1
1827 1825 9
1832 1806 5
1834 1847 15
1810 1819 11
1842 1835 17
1835 1831 11
1848 1812 15
1800 1841 5
1813 1844 15
1822 1833 14
1848 1824 8
1841 1831 14
1838 1821 0
1937 1922 10
1923 1909 13
1949 1910 12
1904 1934 0
1919 1932 19
1940 1904 8
1936 1942 5
1919 1922 8
1943 1935 16
1923 1922 5
1927 1910 19
1901 1900 6
1925 1919 6
1945 1920 6
1944 1919 12
1910 1905 8
1943 1939 9
1911 1943 6
1943 1922 14
1913 1903 16
1916 1938 7
1929 1917 3
1932 1903 11
1915 1944 12
1944 1940 18
1911 1943 3
1914 1941 0
1905 1914 6
1907 1927 9
1917 1921 4
1918 1936 8
1942 1928 14
1907 1917 17
1948 1911 19
1938 1905 10
1908 1913 8
1949 1937 12
1944 1928 18
1918 1943 9
1908 1914 7
1921 1945 14
1943 1922 8
1939 1907 4
1912 1941 3
1918 1944 4
1921 1921 7
1907 1933 7
1930 1943 7
1924 1911 13
1942 1918 9
1934 1919 14
1907 1922 11
1948 1943 15
1937 1915 14
1907 1926 1
1900 1936 2
1920 1921 14
1933 1927 0
1912 1931 13
1908 1932 17
1917 1922 5
1941 1901 6
1909 1925 7
1928 1944 14
1919 1921 4
1926 1918 4
1908 1936 19
1944 1949 2
2019 2045 16
2019 2002 9
2015 2040 7
2039 2020 8
2004 2010 1
2006 2006 3
2015 2019 5
2020 2041 2
2032 2001 2
2037 2031 4
2135 2133 15
2142 2114 5
2139 2141 14
2106 2144 13
2111 2113 1
2109 2118 3
2107 2102 19
2130 2143 2
2123 2125 0
2114 2146 13
2128 2109 18
2116 2120 16
2105 2106 15
2126 2102 19
2138 2116 2
2137 2147 3
2124 2133 16
2121 2135 14
2141 2120 5
2144 2127 13
2113 2146 2
2149 2141 12
2105 2122 19
2134 2124 15
2133 2147 7
2120 2133 11
2130 2116 5
2140 2129 14
2116 2110 17
2106 2144 9
2126 2148 16
2127 2128 17
2118 2142 6
2139 2131 12
2119 2108 10
2102 2118 11
2125 2115 5
2110 2145 6
2106 2108 13
2108 2102 16
2109 2141 17
2135 2139 10
2135 2126 17
2106 2111 11
2102 2119 11
2126 2106 6
2147 2104 14
2105 2101 4
2117 2114 12
2147 2122 19
2220 2236 13
2242 2208 5
2223 2222 16
2248 2207 4
2215 2231 5
2240 2235 19
2242 2211 9
2216 2216 18
2219 2249 15
2244 2210 18
2222 2216 19
2219 2224 3
2202 2218 14
2213 2201 10
2213 2212 5
2238 2245 10
2207 2243 14
2213 2210 15
2243 2242 16
2246 2224 3
2202 2222 1
2245 2244 14
2231 2205 15
2235 2240 17
2204 2223 8
2230 2246 3
2227 2227 14
2247 2227 8
2218 2222 16
2220 2202 2
2233 2203 19
2214 2231 5
2206 2241 19
2223 2235 4
2200 2248 11
2246 2242 11
2219 2213 16
2247 2242 1
2230 2233 11
2228 2210 0
2241 2212 13
2208 2222 11
2225 2240 18
2203 2213 13
2203 2212 0
2245 2215 9
2204 2237 19
2209 2212 0
2210 2219 4
2237 2221 4
2246 2226 19
2210 2216 5
2240 2227 4
2216 2231 9
2249 2232 12
2238 2226 0
2242 2224 17
2233 2232 11
2236 2248 8
2222 2243 14
2225 2209 5
2238 2221 4
2213 2242 1
2237 2232 7
2233 2234 14
2235 2239 2
2224 2235 5
2206 2225 8
2238 2204 16
2216 2203 7
2248 2240 3
2229 2220 2
2215 2235 5
2207 2224 16
2246 2248 19
2228 2223 19
2242 2218 9
2248 2201 0
2248 2226 6
2231 2224 18
2220 2211 13
2248 2232 8
2232 2227 16
2215 2226 17
2241 2241 6
2200 2245 6
2249 2249 9
2230 2221 8
2233 2207 11
2213 2200 18
2226 2237 13
2336 2342 9
2309 2339 9
2321 2324 12
2304 2303 5
2342 2311 16
2347 2347 18
2338 2332 0
2320 2341 12
2330 2329 10
2315 2319 18
2317 2325 4
2309 2317 7
2329 2346 8
2325 2301 5
2307 2301 16
2330 2330 10
2318 2324 10
2331 2302 12
2315 2321 17
2306 2348 17
2320 2307 18
2304 2325 7
2321 2348 8
2332 2347 10
2304 2335 4
2329 2328 11
2330 2310 1
2327 2317 7
2320 2333 2
2324 2300 8
2308 2340 19
2343 2349 18
2347 2336 15
2315 2319 1
2318 2301 17
2315 2343 4
2309 2335 15
2330 2300 14
2336 2342 11
2319 2307 11
2323 2303 19
2333 2322 4
2323 2303 3
2347 2345 11
2331 2328 17
2311 2317 14
2344 2332 8
2326 2306 1
2342 2332 4
2323 2346 12
2333 2342 18
2335 2301 12
2338 2320 17
2338 2328 1
2337 2309 5
2313 2328 8
2335 2328 11
2349 2308 6
2326 2343 1
2302 2325 14
2343 2345 0
2324 2323 6
2339 2332 17
2310 2322 0
2325 2331 13
2323 2342 15
2306 2334 10
2330 2305 11
2344 2327 16
2315 2304 7
2304 2344 14
2343 2323 11
2315 2344 4
2313 2330 12
2330 2304 6
2316 2309 15
2337 2320 19
2318 2345 16
2341 2339 13
2324 2306 4
2310 2314 4
2312 2334 18
2318 2318 6
2312 2349 4
2340 2312 11
2331 2320 4
2339 2314 1
2349 2346 18
2325 2320 16
2313 2347 14
2301 2326 12
2330 2341 2
2300 2335 10
2344 2332 16
2346 2347 7
2324 2316 15
2406 2401 19
2418 2435 17
2416 2402 6
2442 2412 2
2410 2447 17
2400 2414 6
2426 2439 5
2441 2400 9
2437 2421 4
2414 2442 10
2423 2401 1
2442 2436 7
2403 2415 2
2419 2427 6
2440 2437 1
2418 2435 6
2433 2405 10
2403 2427 18
2426 2418 9
2419 2437 0
2406 2444 18
2436 2425 5
2416 2415 9
2411 2440 9
2410 2437 8
2418 2440 0
2446 2440 2
2417 2400 2
2426 2445 11
2416 2417 8
2430 2402 8
2441 2401 12
2436 2414 18
2407 2432 0
2410 2407 1
2428 2438 16
2444 2419 9
2432 2427 7
2406 2417 17
2414 2408 1
2423 2417 13
2410 2415 16
2444 2449 3
2430 2431 10
2449 2426 16
2426 2413 16
2431 2445 7
2429 2415 11
2433 2411 11
2435 2423 8
2419 2416 9
2447 2400 0
2401 2431 5
2424 2414 3
2440 2411 0
2520 2506 8
2531 2503 18
2509 2502 7
2523 2543 14
2524 2539 17
2514 2518 10
2534 2528 16
2508 2535 12
2510 2503 3
2528 2517 11
2526 2528 6
2547 2540 0
2545 2549 3
2542 2541 11
2509 2539 12
2537 2538 15
2502 2547 1
2519 2547 12
2532 2520 14
2519 2535 11
2538 2519 11
2545 2542 15
2540 2549 11
2515 2506 5
2537 2524 16
2529 2542 16
2544 2519 11
2547 2516 16
2533 2507 1
2510 2549 18
2534 2500 14
2521 2527 19
2549 2514 17
2510 2516 3
2516 2538 9
2529 2522 19
2508 2540 1
2504 2519 4
2532 2516 8
2538 2527 3
2527 2533 6
2502 2504 5
2512 2513 19
2511 2546 10
2535 2519 5
2523 2512 0
2520 2546 10
2540 2501 18
2538 2548 4
2511 2545 5
2510 2516 18
2544 2534 6
2517 2501 6
2530 2523 14
2529 2532 13
2517 2530 0
2504 2534 17
2541 2540 11
2513 2517 12
2545 2541 1
2520 2507 9
2510 2516 6
2540 2539 19
2510 2509 8
2511 2501 7
2543 2509 6
2534 2542 11
2549 2538 7
2548 2523 17
2546 2523 4
2603 2629 3
2642 2611 6
2604 2631 14
2624 2624 7
2645 2625 16
2629 2609 19
2622 2611 7
2622 2613 13
2626 2637 9
2628 2614 3
2636 2626 17
2620 2630 13
2619 2612 13
2615 2611 3
2639 2648 9
2649 2608 2
2645 2606 14
2604 2605 18
2640 2607 6
2648 2613 3
2626 2609 14
2622 2637 8
2649 2620 13
2621 2624 17
2620 2633 12
2641 2616 1
2612 2644 9
2628 2639 7
2648 2623 5
2648 2628 14
2615 2600 19
2630 2633 9
2635 2624 9
2615 2628 7
2639 2640 3
2611 2647 5
2608 2626 14
2604 2600 5
2617 2630 19
2644 2626 8
2605 2614 10
2641 2611 13
2601 2600 5
2639 2604 7
2605 2624 3
2610 2603 19
2614 2616 8
2642 2627 13
2613 2640 10
2611 2647 18
2608 2620 10
2609 2637 14
2610 2631 0
2627 2620 17
2646 2619 19
2605 2607 5
2642 2600 5
2642 2634 9
2604 2624 19
2634 2612 19
2640 2612 10
2602 2619 6
2627 2646 9
2649 2615 1
2646 2626 6
2635 2606 14
2611 2621 14
2647 2606 6
2623 2644 7
2642 2638 11
2640 2622 13
2604 2613 15
2632 2604 2
2624 2605 17
2626 2622 7
2626 2643 13
2610 2632 7
2623 2648 13
2641 2628 12
2602 2605 15
2603 2643 3
2649 2647 11
2647 2607 3
2627 2629 4
2649 2647 13
2620 2601 6
2612 2643 5
2625 2600 16
2608 2648 17
2617 2639 11
2632 2612 15
2602 2615 17
2649 2615 11
2649 2630 5
2641 2625 17
2705 2706 15
2723 2744 5
2714 2700 8
2704 2737 14
2812 2804 8
2804 2828 4
2838 2821 11
2841 2828 13
2838 2823 5
2803 2816 2
2802 2807 9
2812 2839 4
2807 2843 12
2842 2823 6
2808 2802 0
2818 2813 15
2844 2841 10
2846 2829 12
2841 2806 15
2838 2806 19
2832 2805 17
2810 2825 19
2808 2826 14
2815 2809 11
2817 2833 11
2812 2844 7
2833 2817 6
2842 2837 16
2830 2800 13
2814 2810 14
2837 2820 14
2845 2849 9
2801 2831 3
2827 2835 18
2817 2806 12
2815 2817 5
2840 2800 10
2804 2840 17
2840 2814 11
2838 2842 5
2826 2842 18
2842 2843 15
2827 2820 5
2823 2816 15
2831 2812 11
2836 2823 3
2841 2813 14
2820 2826 4
2836 2845 15
2801 2804 16
2837 2836 12
2845 2833 0
2833 2834 12
2807 2803 2
2819 2837 5
2832 2836 19
2819 2807 12
2808 2821 12
2804 2845 5
2821 2809 0
2805 2826 9
2809 2844 0
2826 2808 5
2827 2822 8
2809 2844 0
2808 2831 3
2824 2841 17
2831 2844 11
2824 2819 9
2841 2810 19
2811 2821 2
2801 2802 18
2838 2846 6
2817 2827 10
2811 2804 11
2801 2802 0
2812 2833 19
2805 2845 9
2801 2813 6
2829 2845 18
2921 2910 15
2923 2942 9
2904 2900 15
2907 2901 6
2941 2932 19
2915 2933 11
2901 2905 16
2941 2948 11
2906 2943 6
2905 2933 10
2940 2905 10
2948 2941 17
2924 2911 1
2940 2909 10
2929 2907 3
2943 2909 0
2925 2922 14
2914 2920 6
2909 2919 11
2949 2931 10
2934 2907 19
2908 2924 3
2917 2930 6
2911 2937 5
2941 2939 11
2906 2949 3
2921 2930 9
2912 2911 7
2939 2915 11
2940 2942 14
2909 2903 2
2936 2925 11
2900 2928 1
2904 2939 9
2936 2936 4
2914 2923 11
2917 2905 1
2948 2916 5
2907 2924 4
2937 2947 10
2926 2947 11
2917 2939 17
2937 2930 1
2907 2947 4
3030 3017 10
3024 3018 14
3007 3000 1
3028 3017 2
3007 3013 5
3042 3017 4
3022 3033 11
3033 3046 18
3026 3009 5
3000 3014 17
3035 3000 5
3019 3008 1
3030 3038 19
3027 3039 11
3038 3012 17
3003 3028 6
3100 3102 17
3115 3140 6
3116 3136 1
3143 3107 9
3116 3104 7
3128 3136 19
3147 3116 15
3124 3120 10
3106 3133 16
3132 3123 8
3131 3142 13
3117 3136 16
3129 3103 13
3131 3123 9
3144 3107 12
3117 3135 18
3117 3147 19
3147 3126 4
3140 3147 19
3112 3109 14
3142 3104 10
3146 3145 13
3126 3115 14
3149 3133 9
3145 3138 3
3109 3121 7
3129 3136 0
3114 3114 7
3101 3119 19
3121 3121 7
3119 3146 14
3147 3120 9
3239 3226 15
3229 3237 9
3214 3206 15
3233 3216 18
3220 3226 2
3222 3221 14
3212 3219 12
3210 3243 18
3202 3241 5
3244 3222 4
3219 3211 10
3227 3237 5
3238 3230 5
3235 3215 10
3219 3228 12
3200 3239 11
3235 3237 6
3229 3243 16
3245 3201 4
3213 3203 13
3234 3207 12
3248 3249 18
3201 3211 11
3206 3215 17
3204 3227 8
3204 3205 14
3219 3226 5
3249 3223 4
3212 3249 14
3221 3215 9
3246 3205 16
3200 3237 3
3234 3223 10
3211 3231 10
3215 3234 1
3220 3222 14
3235 3232 5
3200 3201 13
3232 3222 18
3241 3235 6
3223 3239 0
3232 3220 11
3234 3223 15
3215 3205 5
3208 3209 8
3240 3245 19
3226 3240 1
3229 3231 18
3232 3216 14
3241 3231 0
3212 3228 0
3201 3225 4
3202 3213 18
3227 3230 14
3216 3236 6
3231 3225 11
3222 3249 1
3216 3229 6
3203 3249 11
3222 3202 18
3220 3208 19
3233 3238 17
3203 3212 17
3235 3242 17
3202 3229 8
3241 3233 8
3201 3246 16
3212 3236 11
3246 3202 11
3215 3241 2
3237 3226 18
3228 3214 13
3230 3225 18
3216 3241 17
3220 3228 3
3243 3239 10
3242 3208 5
3233 3240 10
3244 3225 3
3249 3244 1
3225 3203 14
3247 3221 13
3217 3211 2
3210 3243 4
3243 3218 2
3235 3238 17
3228 3247 11
3233 3219 19
3221 3238 19
3206 3248 1
3227 3238 2
3235 3217 9
3226 3236 14
3207 3210 14
3238 3212 13
3322 3344 16
3418 3447 12
3449 3434 8
3428 3416 7
3447 3400 2
3420 3414 3
3432 3422 12
3410 3401 5
3418 3439 10
3440 3432 13
3425 3443 4
3408 3437 3
3433 3412 1
3449 3409 5
3449 3436 12
3416 3423 3
3404 3404 6
3404 3436 1
3445 3420 3
3432 3433 6
3446 3444 5
3447 3423 1
3416 3406 3
3412 3402 13
3448 3433 0
3437 3412 15
3443 3445 11
3432 3435 18
3403 3416 7
3441 3413 1
3421 3412 5
3436 3424 12
3405 3411 10
3419 3415 11
3410 3449 4
3416 3438 10
3438 3430 0
3440 3420 15
3420 3429 10
3428 3410 1
3448 3427 17
3430 3445 19
3430 3405 17
3404 3446 17
3438 3408 1
3410 3414 11
3413 3430 17
3403 3405 5
3415 3421 1
3432 3443 5
3448 3403 9
3430 3411 5
3422 3444 7
3449 3411 5
3427 3406 15
3448 3443 5
3417 3441 9
3419 3425 13
3434 3425 19
3438 3426 19
3436 3423 13
3448 3420 1
3423 3415 19
3414 3402 14
3438 3433 4
3408 3421 3
3432 3445 17
3409 3404 2
3433 3405 7
3440 3422 10
3411 3436 5
3406 3426 14
3424 3439 4
3433 3436 15
3413 3419 9
3449 3435 0
3434 3408 11
3434 3414 13
3444 3436 15
3445 3409 10
3449 3417 2
3408 3401 11
3421 3429 10
3419 3442 4
3416 3406 5
3426 3415 1
3409 3414 8
3403 3412 6
3443 3449 0
3413 3421 7
3401 3432 9
3514 3511 19
3549 3548 9
3525 3500 6
3549 3544 8
3518 3527 10
3539 3519 4
3530 3533 10
3504 3504 8
3527 3517 17
3504 3540 12
3541 3505 13
3539 3546 1
3507 3538 0
3534 3534 1
3525 3546 0
3525 3523 19
3506 3518 12
3638 3602 1
3628 3618 10
3625 3636 1
3635 3606 13
3617 3609 4
3633 3638 3
3632 3636 15
3627 3628 15
3624 3617 16
3630 3626 16
3649 3629 12
3600 3635 8
3636 3615 11
3637 3636 2
3636 3627 10
3640 3647 10
3636 3628 12
3622 3643 19
3616 3638 12
3643 3642 10
3638 3618 12
3646 3629 16
3605 3606 0
3613 3618 14
3621 3633 19
3604 3644 15
3620 3619 18
3610 3624 4
3635 3622 17
3648 3617 11
3618 3611 8
3621 3632 8
3630 3628 2
3614 3600 6
3632 3629 10
3640 3609 18
3636 3625 1
3639 3620 12
3614 3623 5
3600 3617 19
3605 3646 15
3643 3640 4
3641 3601 17
3610 3649 1
3616 3644 9
3632 3640 6
3640 3608 15
3618 3620 9
3613 3644 5
3635 3647 2
3615 3627 2
3634 3603 13
3646 3648 5
3638 3649 5
3649 3614 16
3629 3633 8
3620 3618 5
3632 3627 18
3605 3605 12
3619 3627 0
3613 3633 8
3636 3609 4
3648 3628 14
3623 3619 11
3619 3619 13
3639 3645 7
3608 3647 11
3640 3647 16
3633 3609 1
3623 3602 12
3648 3608 18
3607 3642 17
3603 3611 1
3627 3601 3
3620 3624 15
3711 3720 1
3740 3708 19
3709 3702 12
3746 3733 14
3721 3743 8
3732 3732 15
3742 3729 2
3746 3733 3
3732 3710 7
3716 3730 15
3721 3706 1
3742 3719 1
3737 3710 8
3725 3719 13
3711 3727 10
3728 3712 2
3715 3705 2
3738 3734 15
3745 3744 5
3708 3746 9
3849 3804 4
3832 3804 18
3838 3818 9
3836 3810 0
3826 3831 11
3820 3826 13
3810 3848 11
3821 3812 13
3847 3836 5
3842 3832 12
3802 3828 10
3833 3809 7
3827 3821 12
3827 3846 1
3802 3801 18
3847 3827 15
3825 3847 10
3801 3814 13
3804 3809 15
3806 3845 14
3839 3836 11
3847 3832 8
3840 3823 8
3816 3815 18
3818 3810 16
3815 3807 8
3835 3806 13
3913 3906 9
3946 3907 16
3920 3947 2
3912 3918 3
3919 3921 6
3947 3940 14
3910 3904 11
3902 3906 13
3928 3938 1
3928 3938 8
3944 3932 18
3937 3916 6
3919 3944 4
3941 3947 10
3944 3946 9
3928 3923 15
3928 3914 17
3911 3934 3
3925 3918 4
3914 3940 13
3931 3910 11
3927 3927 6
3905 3931 4
3905 3930 5
3948 3906 10
3917 3923 14
3930 3918 15
3911 3946 13
3947 3943 0
3946 3935 18
3925 3925 15
3906 3934 11
3915 3902 15
3917 3932 0
3944 3905 18
3924 3906 14
3942 3931 15
3913 3915 11
3925 3936 15
3920 3908 19
3937 3920 15
3911 3932 10
3948 3947 3
3938 3904 5
3921 3925 1
3901 3947 6
3926 3900 19
3916 3936 3
3901 3923 4
3900 3908 16
3908 3910 12
3907 3914 10
3947 3914 18
3914 3935 12
3940 3939 19
3910 3928 3
3902 3930 2
3907 3942 11
3909 3921 1
3921 3933 0
3929 3927 16
3909 3922 19
3940 3931 10
3925 3934 3
3917 3911 6
3916 3905 18
3936 3931 5
3927 3924 13
3916 3924 7
3928 3907 3
3909 3946 15
3935 3924 11
4014 4001 5
4018 4047 7
4024 4017 14
4017 4027 17
4030 4045 2
4044 4033 17
4040 4038 17
4013 4007 9
4033 4014 12
4030 4035 1
4037 4042 5
4036 4031 2
4035 4049 2
4048 4002 17
4032 4024 0
4020 4024 18
4015 4005 1
4026 4049 0
4002 4049 13
4020 4004 10
4005 4047 14
4024 4045 1
4018 4000 9
4009 4042 1
4008 4043 7
4016 4045 7
4034 4007 10
4046 4023 6
4023 4023 13
4008 4048 11
4020 4026 12
4042 4039 6
4045 4036 18
4036 4038 5
4025 4016 2
4033 4045 12
4001 4010 13
4010 4009 15
4028 4037 19
4047 4037 5
4034 4021 0
4028 4032 5
4004 4048 14
4013 4013 14
4044 4015 14
4024 4040 0
4047 4024 10
4044 4024 15
4038 4047 7
4040 4021 15
4024 4000 9
4009 4037 16
4029 4006 3
4023 4043 13
4021 4008 19
4034 4029 2
4027 4047 16
4012 4012 4
4029 4021 10
4041 4030 6
4031 4003 16
4027 4019 5
4025 4010 7
4039 4023 5
4006 4030 8
4025 4013 10
4017 4010 1
4011 4038 16
4012 4001 9
4004 4048 18
4039 4043 11
4022 4001 2
4000 4001 19
4008 4038 2
4030 4020 12
4018 4022 0
4047 4029 15
4034 4035 4
4019 4003 1
4005 4026 5
4001 4041 5
4029 4037 3
4038 4029 4
4033 4010 7
4006 4017 3
4009 4033 2
4111 4143 9
4120 4145 8
4116 4138 6
4115 4108 3
4139 4119 16
4124 4139 19
4102 4148 2
4106 4104 10
4141 4103 1
4139 4125 15
4104 4100 4
4122 4124 16
4122 4138 3
4145 4128 11
4233 4221 14
4201 4231 10
4248 4229 19
4211 4229 8
4218 4211 8
4214 4239 14
4229 4231 17
4217 4223 0
4228 4232 11
4209 4235 4
4213 4226 13
4210 4231 12
4206 4237 6
4210 4249 11
4248 4214 2
4235 4209 15
4208 4235 19
4236 4231 1
4213 4248 2
4204 4238 9
4204 4247 1
4211 4210 7
4232 4228 4
4228 4203 18
4234 4206 18
4206 4237 17
4201 4234 17
4232 4201 6
4332 4307 0
4323 4314 10
4333 4304 7
4307 4345 12
4331 4336 12
4329 4329 11
4339 4349 10
4318 4302 3
4348 4329 12
4310 4322 0
4306 4302 10
4309 4307 14
4336 4309 6
4321 4333 16
4325 4332 13
4325 4347 9
4318 4303 16
4306 4313 10
4302 4348 9
4340 4316 11
4343 4330 11
4341 4318 9
4327 4349 8
4309 4306 15
4348 4328 12
4336 4313 9
4318 4313 13
4314 4320 15
4335 4335 1
4320 4332 13
4341 4320 19
4340 4326 1
4309 4339 17
4328 4321 8
4343 4309 0
4339 4328 10
4348 4321 9
4306 4343 5
4338 4300 5
4321 4301 19
4321 4317 5
4329 4317 15
4308 4318 7
4308 4312 11
4338 4308 19
4322 4328 11
4402 4424 12
4440 4418 0
4415 4412 15
4431 4435 3
4412 4430 12
4417 4441 11
4427 4417 7
4408 4402 12
4427 4443 5
4413 4437 7
4427 4409 17
4412 4433 17
4437 4409 18
4442 4436 10
4400 4431 10
4410 4437 12
4430 4407 16
4442 4403 18
4400 4441 2
4409 4447 5
4431 4429 7
4444 4418 18
4419 4446 6
4404 4424 16
4425 4445 13
4408 4425 18
4402 4433 7
4408 4421 0
4404 4434 15
4426 4414 1
4431 4424 8
4404 4419 1
4426 4438 0
4425 4419 18
4428 4413 18
4408 4422 8
4433 4421 11
4421 4404 11
4422 4403 13
4430 4446 18
4441 4406 14
4407 4407 16
4448 4405 0
4444 4446 7
4407 4430 5
4405 4430 5
4434 4437 4
4423 4416 12
4400 4438 12
4419 4428 5
4434 4436 4
4429 4416 8
4400 4445 12
4426 4414 3
4427 4405 13
4419 4401 15
4427 4447 5
4439 4438 9
4419 4411 3
4409 4431 10
4419 4410 1
4420 4439 7
4443 4407 15
4448 4432 6
4412 4448 0
4412 4411 5
4403 4445 4
4429 4428 3
4434 4405 4
4421 4443 1
4420 4446 15
4403 4430 4
4407 4407 2
4412 4419 15
4444 4420 18
4442 4431 4
4447 4438 17
4433 4433 1
4434 4410 7
4434 4432 14
4413 4436 8
4424 4446 11
4435 4404 3
4444 4430 4
4421 4440 0
4414 4444 0
4434 4445 4
4413 4422 0
4412 4414 16
4416 4436 6
4443 4411 1
4401 4438 10
4428 4429 12
4438 4428 2
4434 4438 16
4412 4406 4
4437 4428 15
4430 4447 6
4444 4409 0
4516 4510 12
4542 4509 4
4542 4510 19
4515 4500 6
4509 4549 15
4549 4542 19
4500 4542 4
4518 4548 17
4529 4519 12
4528 4527 2
4540 4548 12
4541 4507 16
4536 4545 9
4517 4543 14
4519 4514 16
4514 4549 14
4517 4531 4
4507 4532 7
4515 4539 6
4512 4533 10
4512 4534 19
4500 4540 9
4523 4535 16
4523 4514 10
4538 4525 12
4534 4523 14
4516 4505 13
4545 4519 13
4526 4505 10
4530 4507 12
4507 4543 18
4536 4545 0
4523 4540 5
4529 4536 17
4541 4514 17
4534 4501 0
4511 4530 0
4508 4518 0
4520 4534 19
4546 4520 13
4523 4542 1
4534 4511 0
4524 4547 16
4534 4531 0
4531 4505 0
4526 4528 11
4525 4529 6
4525 4510 9
4539 4523 12
4527 4537 2
4519 4501 14
4502 4520 9
4527 4523 18
4549 4512 5
4530 4504 6
4539 4527 7
4539 4535 10
4500 4517 7
4533 4538 11
4625 4635 8
4623 4636 6
4647 4649 5
4639 4633 16
4646 4646 13
4646 4607 7
4620 4634 16
4608 4627 15
4616 4616 4
4621 4636 5
4629 4630 18
4631 4642 16
4641 4631 7
4648 4640 18
4627 4608 14
4628 4638 2
4640 4615 16
4605 4639 2
4602 4623 4
4632 4648 17
4633 4646 2
4648 4646 10
4640 4644 1
4607 4641 7
4622 4602 4
4634 4629 19
4647 4635 6
4619 4640 14
4632 4621 8
4633 4611 8
4641 4605 8
4613 4637 17
4643 4612 16
4627 4609 17
4600 4618 19
4611 4643 8
4609 4615 2
4633 4642 17
4647 4645 6
4619 4644 7
4607 4617 11
4601 4624 11
4632 4620 15
4632 4623 4
4627 4628 0
4602 4628 10
4618 4614 16
4619 4649 3
4625 4645 1
4629 4604 10
4622 4641 16
4625 4645 19
4625 4638 5
4605 4631 12
4644 4640 3
4600 4601 2
4632 4634 17
4608 4607 15
4641 4600 14
4627 4636 18
4617 4616 4
4646 4608 9
4631 4602 14
4615 4640 7
4638 4608 18
4618 4641 0
4624 4602 15
4607 4638 10
4617 4616 4
4604 4616 13
4634 4615 10
4602 4641 17
4612 4600 17
4645 4619 19
4611 4639 6
4638 4647 6
4641 4612 8
4626 4608 0
4640 4639 1
4603 4638 16
4640 4623 7
4637 4621 11
4622 4625 13
4609 4642 11
4617 4629 15
4628 4603 5
4604 4608 1
4628 4615 11
4635 4619 12
4630 4632 2
4611 4614 11
4610 4606 6
4638 4637 17
4715 4706 10
4726 4702 1
4703 4705 3
4717 4736 12
4727 4721 10
4719 4701 19
4717 4730 3
4731 4742 4
4722 4717 19
4700 4709 9
4745 4741 0
4743 4731 5
4737 4738 6
4710 4714 12
4723 4712 18
4728 4723 0
4718 4717 18
4738 4702 2
4707 4735 2
4716 4732 5
4717 4720 3
4747 4706 7
4735 4718 0
4745 4715 4
4748 4738 15
4732 4707 2
4707 4741 8
4713 4743 16
4820 4816 15
4821 4834 19
4808 4842 16
4820 4807 18
4807 4822 0
4819 4833 7
4838 4818 3
4820 4841 5
4840 4800 17
4844 4803 11
4805 4834 1
4829 4830 6
4823 4804 16
4841 4825 19
4824 4819 1
4842 4828 12
4829 4839 9
4839 4814 3
4814 4843 14
4834 4821 3
4842 4819 13
4849 4802 11
4829 4849 4
4835 4824 12
4815 4822 6
4837 4828 7
4809 4844 4
4842 4829 12
4843 4821 2
4845 4801 6
4830 4818 19
4807 4842 15
4816 4809 4
4840 4822 8
4838 4841 1
4827 4821 6
4915 4905 14
4937 4945 6
4904 4943 19
4931 4940 3
4921 4903 13
5046 5045 8
5023 5019 14
5036 5034 5
5016 5032 6
5014 5017 9
5008 5022 7
5043 5030 13
5047 5013 0
5014 5026 2
5015 5038 3
5031 5018 12
5007 5031 3
5021 5025 9
5026 5001 14
5024 5012 2
5046 5048 16
5018 5040 10
5047 5014 17
5030 5003 7
5005 5028 12
5042 5011 17
5036 5019 15
5001 5013 2
5047 5005 10
5023 5018 6
5020 5042 4
5024 5032 14
5030 5047 4
5006 5008 14
5044 5044 17
5041 5047 4
5006 5003 15
5019 5047 19
5046 5046 5
5014 5010 1
5030 5008 15
5032 5021 1
5040 5006 0
5045 5048 11
5030 5047 11
5032 5036 7
5040 5022 3
5025 5033 5
5043 5044 15
5032 5030 12
5043 5018 11
5015 5014 8
5016 5036 19
5028 5029 18
5016 5021 15
5034 5040 15
5023 5029 15
5012 5045 18
5045 5033 17
5003 5018 11
5038 5037 7
5018 5004 5
5044 5027 16
5009 5006 10
5035 5033 4
5031 5046 0
5020 5010 4
5038 5039 10
5038 5049 3
5022 5003 11
5022 5048 12
5044 5039 17
5006 5029 4
5042 5025 6
5045 5032 10
5026 5048 2
5038 5016 0
5036 5048 14
5128 5124 9
5105 5113 15
5116 5122 11
5110 5125 11
5116 5145 2
5141 5125 6
5149 5140 18
5110 5102 3
5131 5130 17
5140 5117 19
5114 5144 16
5115 5110 4
5118 5144 7
5121 5102 15
5114 5133 0
5102 5107 6
5103 5144 8
5122 5101 10
5142 5124 16
5131 5148 8
5147 5103 18
5149 5143 4
5102 5146 11
5119 5100 1
5115 5145 14
5126 5126 13
5114 5138 8
5101 5134 19
5115 5135 6
5135 5142 0
5138 5116 4
5118 5103 19
5127 5140 6
5129 5117 2
5108 5107 2
5110 5106 4
5121 5115 5
5141 5128 10
5147 5119 0
5141 5132 13
5139 5143 2
5106 5121 15
5131 5136 19
5131 5120 9
5101 5147 12
5101 5148 8
5113 5122 7
5110 5128 12
5117 5135 7
5130 5127 9
5131 5138 1
5113 5147 0
5117 5147 2
5132 5113 19
5126 5112 3
5148 5148 17
5130 5146 7
5116 5138 15
5113 5121 4
5127 5108 10
5101 5131 14
5106 5124 4
5112 5117 18
5141 5126 15
5114 5136 3
5111 5143 5
5146 5146 0
5104 5136 7
5116 5110 3
5129 5121 7
5128 5107 16
5122 5138 9
5115 5140 9
5134 5113 12
5115 5100 2
5217 5233 18
5206 5226 11
5240 5203 11
5208 5230 7
5202 5245 7
5206 5217 2
5249 5209 5
5243 5225 2
5218 5204 5
5205 5205 3
5248 5241 3
5244 5242 0
5237 5208 19
5239 5247 11
5220 5203 16
5212 5213 19
5211 5208 17
5221 5238 17
5240 5205 10
5204 5214 3
5204 5208 5
5218 5231 8
5226 5234 12
5238 5243 0
5201 5203 12
5207 5207 6
5234 5214 1
5240 5215 11
5201 5200 7
5211 5229 0
5228 5228 7
5213 5234 8
5212 5236 15
5239 5233 15
5239 5207 1
5211 5229 11
5214 5223 4
5202 5213 9
5243 5213 16
5221 5235 11
5337 5334 14
5339 5302 6
5302 5336 5
5345 5321 16
5323 5342 1
5317 5331 13
5314 5338 16
5313 5347 1
5302 5300 11
5334 5340 4
5327 5336 16
5303 5303 14
5333 5334 8
5336 5303 4
5319 5325 19
5302 5339 1
5347 5327 4
5330 5311 1
5334 5343 16
5320 5323 15
5318 5325 14
5306 5311 1
5349 5302 18
5320 5307 5
5308 5345 11
5339 5314 6
5345 5323 16
5343 5327 13
5322 5344 14
5334 5346 6
5317 5301 6
5330 5304 9
5316 5342 4
5334 5344 1
5349 5347 13
5308 5327 19
5307 5342 18
5325 5336 19
5323 5327 12
5345 5323 10
5341 5332 5
5346 5346 15
5343 5319 15
5303 5329 19
5302 5308 7
5326 5319 6
5301 5309 14
5338 5322 7
5348 5341 0
5322 5304 13
5309 5310 7
5309 5342 16
5306 5331 12
5343 5319 16
5343 5348 9
5340 5321 9
5316 5340 7
5442 5408 4
5434 5417 0
5427 5440 7
5407 5413 13
5413 5402 18
5419 5443 7
5406 5420 9
5428 5409 9
5444 5402 7
5443 5442 15
5436 5443 4
5441 5432 14
5446 5437 17
5429 5408 18
5407 5423 10
5430 5436 16
5431 5435 4
5448 5441 9
5435 5449 8
5416 5420 18
5430 5412 16
5423 5436 6
5402 5443 0
5430 5400 0
5430 5415 15
5444 5428 14
5419 5418 4
5438 5429 7
5425 5444 0
5416 5423 18
5435 5425 13
5427 5446 7
5444 5408 11
5438 5414 13
5433 5410 9
5437 5420 16
5447 5443 14
5432 5427 17
5429 5419 15
5433 5408 19
5445 5422 14
5436 5418 1
5429 5429 2
5444 5420 4
5431 5410 3
5431 5405 8
5409 5420 17
5401 5425 6
5427 5427 8
5444 5438 13
5419 5447 12
5437 5438 18
5411 5447 10
5446 5449 19
5440 5426 15
5402 5410 18
5426 5421 9
5401 5434 17
5419 5440 8
5434 5401 2
5442 5432 1
5421 5430 4
5420 5419 1
5432 5412 14
5414 5431 16
5440 5421 2
5410 5426 12
5408 5449 4
5405 5436 0
5402 5420 3
5437 5440 8
5402 5412 5
5448 5443 0
5420 5440 9
5403 5408 14
5421 5416 0
5432 5431 11
5536 5507 9
5520 5516 13
5526 5536 18
5518 5531 7
5538 5549 5
5531 5541 10
5546 5515 16
5549 5519 15
5521 5529 4
5515 5533 3
5510 5521 12
5520 5525 16
5506 5530 3
5527 5509 15
5524 5501 12
5521 5535 18
5502 5527 0
5516 5532 1
5546 5529 15
5521 5528 9
5542 5523 9
5530 5541 12
5516 5501 1
5521 5506 9
5500 5511 12
5540 5528 0
5548 5524 12
5546 5507 19
5506 5537 17
5544 5518 7
5543 5502 7
5539 5527 3
5501 5508 11
5543 5531 18
5545 5531 12
5533 5506 19
5516 5531 4
5518 5520 13
5511 5541 5
5525 5505 13
5529 5532 10
5534 5511 6
5502 5544 7
5531 5502 2
5514 5531 2
5516 5530 8
5532 5531 0
5539 5519 12
5531 5546 9
5502 5514 17
5509 5518 1
5531 5539 10
5543 5520 12
5528 5541 7
5522 5503 13
5521 5527 8
5546 5519 10
5524 5526 15
5533 5522 0
5538 5507 7
5537 5505 7
5519 5534 8
5529 5511 4
5549 5504 3
5541 5539 11
5502 5533 0
5520 5503 10
5506 5502 17
5517 5526 16
5506 5514 6
5543 5516 12
5635 5622 3
5615 5627 17
5618 5648 14
5640 5632 3
5622 5605 15
5719 5732 15
5744 5741 9
5708 5708 17
5730 5737 2
5739 5731 4
5713 5707 7
5735 5726 1
5720 5737 12
5706 5716 8
5716 5707 5
5737 5720 4
5723 5740 12
5709 5721 19
5802 5825 3
5848 5817 13
5849 5807 17
5807 5821 4
5815 5811 8
5800 5814 5
5844 5805 0
5832 5828 14
5815 5815 4
5820 5816 15
5806 5824 15
5809 5848 6
5806 5845 3
5807 5837 17
5841 5833 6
5844 5836 17
5816 5803 7
5830 5835 13
5817 5814 5
5815 5819 5
5820 5837 7
5838 5832 0
5808 5822 1
5846 5818 5
5838 5842 0
5842 5839 13
5844 5831 6
5848 5832 12
5803 5845 12
5841 5810 6
5804 5805 14
5823 5813 12
5808 5832 10
5816 5836 3
5844 5801 15
5815 5811 0
5837 5816 2
5836 5823 5
5828 5842 4
5822 5832 14
5803 5812 13
5834 5809 5
5824 5833 3
5811 5806 13
5812 5827 16
5828 5811 4
5802 5809 12
5830 5813 4
5831 5821 11
5824 5803 16
5837 5843 11
5822 5820 9
5827 5837 2
5802 5828 12
5930 5908 15
5944 5922 14
5926 5924 3
5931 5910 10
5947 5923 14
5936 5918 3
5946 5909 7
5901 5943 15
5932 5901 9
5930 5923 16
5949 5946 1
5948 5945 5
5916 5942 19
5902 5901 19
5943 5916 7
5932 5914 10
5944 5913 1
5937 5922 13
5935 5942 8
5946 5925 0
5917 5908 15
5939 5916 12
5901 5912 7
5929 5946 17
5914 5941 9
5908 5934 2
5943 5914 15
5906 5942 10
5936 5907 7
5915 5934 3
5916 5945 4
5939 5944 0
5928 5923 2
5917 5943 12
5923 5908 10
5937 5929 7
5930 5917 17
5945 5938 2
5934 5903 4
5924 5906 12
5918 5943 19
5924 5927 8
5927 5917 8
5926 5923 19
5917 5947 3
5934 5912 0
5929 5948 2
5910 5946 19
5938 5930 16
5907 5931 9
5922 5938 18
5929 5904 19
5925 5915 1
5934 5916 17
5927 5915 7
5902 5903 11
5920 5934 7
5921 5936 11
5931 5947 4
5938 5945 12
5900 5934 11
5931 5917 3
6019 6027 0
6016 6020 18
6048 6037 12
6016 6040 17
6036 6011 7
6003 6046 13
6017 6008 15
6046 6004 16
6039 6017 15
6004 6004 16
6025 6012 19
6006 6036 0
6039 6009 13
6033 6001 2
6030 6037 12
6030 6038 2
6019 6023 9
6027 6013 16
6007 6028 13
6042 6003 6
6025 6034 4
6024 6003 11
6049 6018 18
6014 6041 18
6025 6015 19
6036 6007 8
6031 6044 11
6035 6034 11
6039 6001 18
6011 6012 2
6036 6018 14
6034 6007 11
6126 6119 5
6100 6101 19
6104 6121 6
6140 6140 4
6123 6129 5
6129 6130 14
6103 6119 17
6104 6112 7
6137 6122 16
6133 6148 5
6139 6108 14
6116 6107 11
6101 6117 0
6124 6139 15
6131 6105 6
6103 6105 19
6120 6122 12
6137 6117 3
6116 6132 3
6236 6219 14
6242 6215 0
6228 6210 3
6242 6237 0
6249 6221 12
6210 6240 5
6233 6235 5
6214 6241 2
6243 6227 19
6213 6244 7
6347 6337 7
6307 6318 17
6341 6312 16
6328 6319 7
6301 6318 13
6319 6323 12
6341 6337 9
6314 6331 19
6313 6320 17
6310 6329 8
6341 6334 18
6305 6302 15
6314 6321 13
6349 6329 13
6304 6340 9
6325 6323 19
6331 6347 17
6320 6331 17
6336 6319 16
6342 6341 0
6321 6300 18
6337 6318 9
6335 6321 6
6330 6307 5
6345 6334 9
6309 6304 9
6349 6336 10
6328 6333 17
6316 6346 16
6347 6315 7
6347 6347 7
6327 6316 10
6324 6333 8
6323 6334 6
6343 6313 4
6337 6317 8
6331 6318 1
6336 6306 7
6327 6337 8
6317 6342 3
6333 6348 17
6322 6349 16
6307 6322 17
6301 6306 13
6341 6323 11
6349 6330 10
6322 6308 11
6303 6316 11
6348 6323 3
6304 6304 4
6335 6349 15
6305 6310 6
6347 6309 5
6342 6316 4
6319 6338 19
6349 6302 10
6345 6319 0
6328 6333 4
6340 6333 12
6347 6344 18
6316 6335 13
6336 6330 8
6344 6303 10
6343 6307 9
6311 6329 11
6325 6336 19
6403 6431 1
6420 6446 18
6444 6421 14
6434 6449 10
6418 6434 8
6401 6428 16
6447 6447 2
6447 6412 1
6404 6409 2
6423 6423 7
6440 6437 13
6405 6447 15
6424 6435 6
6421 6438 14
6409 6412 16
6437 6415 6
6403 6430 6
6415 6428 14
6424 6410 19
6435 6434 7
6418 6446 14
6439 6409 7
6438 6430 15
6410 6407 6
6411 6419 9
6440 6404 7
6446 6443 15
6445 6404 13
6447 6425 16
6439 6439 8
6446 6417 8
6419 6424 7
6444 6442 3
6418 6426 17
6443 6423 6
6437 6418 8
6441 6432 13
6420 6410 9
6443 6448 11
6421 6431 13
6400 6410 2
6430 6411 1
6418 6409 12
6435 6413 16
6425 6403 9
6433 6420 2
6421 6420 6
6446 6447 8
6401 6425 2
6412 6429 6
6548 6501 4
6511 6524 7
6509 6532 6
6508 6546 16
6543 6510 16
6539 6518 13
6539 6507 12
6542 6523 15
6536 6518 12
6540 6516 15
6548 6524 7
6546 6531 19
6535 6515 2
6626 6649 5
6646 6600 5
6632 6601 5
6620 6641 16
6645 6601 13
6644 6635 14
6646 6619 17
6634 6618 15
6641 6601 2
6615 6649 10
6645 6613 1
6635 6605 18
6629 6636 4
6600 6628 11
6643 6645 18
6627 6612 12
6644 6647 8
6616 6611 10
6616 6645 14
6610 6620 10
6648 6610 2
6636 6621 1
6641 6648 4
6645 6607 4
6639 6625 17
6635 6614 8
6607 6648 16
6632 6637 4
6608 6616 7
6625 6616 18
6610 6600 12
6613 6648 1
6743 6702 16
6717 6724 6
6740 6721 11
6748 6739 10
6700 6748 3
6702 6742 4
6727 6737 8
6725 6739 1
6709 6731 2
6730 6745 2
6725 6735 1
6702 6704 3
6714 6707 15
6748 6702 16
6710 6736 11
6712 6745 9
6742 6728 7
6721 6737 8
6710 6745 2
6735 6748 8
6725 6749 18
6737 6719 15
6748 6710 10
6747 6718 19
6734 6700 11
6738 6724 5
6731 6743 4
6735 6729 5
6731 6730 8
6725 6738 8
6714 6723 18
6716 6745 14
6745 6734 13
6710 6716 19
6741 6733 7
6722 6706 17
6721 6721 13
6723 6723 12
6733 6729 16
6721 6740 12
6736 6734 17
6711 6714 18
6744 6745 19
6726 6744 6
6715 6702 18
6720 6704 13
6726 6716 3
6711 6719 15
6730 6701 0
6742 6749 14
6740 6705 3
6739 6705 7
6738 6747 15
6748 6712 13
6711 6734 5
6720 6730 0
6716 6720 4
6733 6726 19
6749 6710 10
6729 6745 14
6702 6723 0
6749 6709 12
6740 6733 2
6717 6724 18
6714 6735 13
6748 6707 6
6722 6724 10
6711 6745 17
6731 6716 14
6726 6742 18
6729 6748 14
6722 6709 2
6844 6813 3
6837 6844 0
6824 6837 18
6813 6812 5
6827 6839 14
6825 6821 3
6812 6812 4
6800 6849 4
6834 6816 7
6831 6845 19
6836 6846 6
6819 6844 19
6834 6805 4
6800 6841 0
6836 6841 2
6821 6834 12
6838 6832 4
6804 6846 8
6844 6838 17
6807 6832 16
6840 6808 1
6824 6820 14
6820 6813 4
6819 6842 10
6847 6834 8
6847 6840 0
6833 6838 17
6848 6816 9
6811 6847 7
6928 6943 14
6904 6920 18
6947 6939 0
6909 6934 2
6909 6928 3
6904 6908 17
6935 6907 9
6935 6944 1
6908 6919 15
6938 6915 19
6939 6943 10
6944 6920 3
6942 6924 13
6927 6904 5
6934 6917 4
6910 6913 1
6921 6911 13
6916 6943 5
6908 6908 13
6914 6900 1
6900 6915 16
6902 6938 8
6908 6915 11
6924 6943 5
6916 6900 4
6940 6921 8
6930 6901 10
6938 6923 11
6942 6901 11
6938 6945 14
6928 6943 8
6930 6918 10
6926 6902 11
6923 6925 6
6938 6930 11
6949 6906 10
6911 6921 19
6942 6930 6
6924 6905 18
6903 6905 7
6944 6932 0
6923 6906 13
6924 6944 1
6932 6931 9
6916 6924 2
6909 6949 8
6937 6914 6
6909 6905 17
6945 6939 5
6936 6940 15
6924 6921 19
6920 6923 11
6922 6914 9
6944 6931 0
6905 6905 7
6903 6939 0
6934 6921 5
6907 6933 15
6911 6935 9
6931 6909 13
6943 6901 12
6928 6915 17
6927 6936 7
6916 6927 8
6902 6914 10
6936 6927 5
6908 6901 14
6901 6936 7
6938 6904 2
6926 6944 13
6902 6932 10
6939 6911 1
6908 6901 3
6914 6902 16
6943 6913 14
6902 6929 6
6928 6903 8
6900 6914 1
6901 6932 5
6938 6938 7
6931 6949 17
6914 6906 2
6920 6934 6
6923 6911 15
7041 7048 15
7000 7036 0
7007 7005 13
7033 7007 13
7016 7030 9
7049 7001 15
7002 7039 13
7030 7044 19
7035 7002 4
7019 7032 13
7031 7015 2
7010 7023 14
7024 7019 5
7032 7029 19
7015 7008 18
7045 7012 13
7006 7003 5
7022 7036 0
7016 7000 11
7010 7013 3
7009 7014 17
7024 7004 19
7048 7037 14
7000 7033 0
7000 7002 16
7016 7035 2
7002 7035 10
7034 7035 1
7022 7018 11
7009 7013 10
7048 7028 5
7033 7003 11
7003 7026 2
7028 7046 13
7015 7044 2
7025 7001 19
7024 7003 1
7036 7048 0
7031 7031 11
7004 7018 4
7035 7049 19
7029 7043 5
7013 7001 5
7119 7122 10
7140 7106 14
7111 7146 8
7114 7129 2
7123 7100 17
7248 7239 13
7228 7212 15
7245 7235 6
7216 7207 15
7249 7248 15
7231 7214 7
7224 7248 7
7206 7244 14
7225 7222 11
7217 7225 2
7238 7236 1
7204 7231 10
7210 7244 9
7224 7218 7
7249 7244 17
7205 7208 6
7229 7243 10
7203 7234 1
7213 7207 10
7221 7223 2
7207 7228 10
7241 7205 9
7208 7212 1
7228 7210 4
7238 7200 15
7227 7216 15
7233 7221 11
7218 7244 13
7226 7229 18
7221 7210 16
7205 7245 12
7212 7208 12
7246 7248 18
7213 7204 19
7238 7211 10
7239 7212 2
7221 7201 7
7205 7216 6
7207 7204 15
7236 7200 15
7245 7209 19
7245 7229 16
7203 7233 10
7240 7200 3
7213 7209 4
7209 7206 5
7246 7211 12
7205 7239 16
7234 7215 5
7231 7207 1
7235 7204 1
7231 7215 18
7218 7203 7
7217 7203 1
7242 7239 15
7216 7234 13
7200 7214 3
7217 7206 18
7249 7216 8
7331 7341 5
7329 7325 6
7311 7306 15
7328 7301 7
7345 7325 0
7307 7324 1
7312 7330 14
7315 7342 1
7301 7320 18
7308 7322 0
7348 7309 4
7316 7340 1
7330 7303 16
7345 7341 11
7322 7319 15
7333 7312 10
7337 7337 0
7333 7308 19
7329 7324 14
7322 7335 0
7339 7302 5
7334 7335 11
7317 7343 1
7315 7324 15
7334 7305 6
7312 7340 8
7448 7433 5
7420 7438 16
7419 7446 9
7400 7434 12
7414 7411 17
7404 7440 5
7406 7441 11
7442 7424 13
7434 7412 2
7419 7418 4
7406 7436 13
7404 7434 4
7441 7404 3
7436 7428 7
7425 7419 14
7445 7420 16
7425 7413 4
7433 7444 13
7430 7410 1
7442 7421 14
7441 7440 2
7445 7444 16
7425 7440 1
7431 7447 16
7413 7442 12
7430 7404 19
7417 7433 13
7427 7405 3
7418 7433 5
7401 7415 10
7430 7410 14
7424 7424 13
7439 7418 4
7405 7439 15
7414 7430 0
7448 7416 1
7419 7402 7
7445 7406 7
7439 7448 13
7442 7448 16
7403 7442 12
7407 7426 4
7431 7440 16
7409 7422 1
7419 7449 0
7410 7420 5
7417 7408 1
7434 7436 19
7417 7443 6
7400 7437 12
7435 7418 0
7425 7425 3
7404 7422 7
7410 7413 17
7434 7434 6
7513 7523 16
7536 7501 19
7532 7530 18
7545 7537 16
7621 7639 16
7630 7613 2
7635 7617 9
7634 7611 15
7639 7603 2
7635 7627 11
7648 7643 4
7606 7605 4
7632 7648 18
7608 7638 11
7622 7643 6
7619 7646 9
7628 7640 7
7612 7600 19
7623 7610 11
7626 7646 13
7604 7638 11
7640 7640 16
7648 7601 4
7623 7634 2
7610 7645 0
7604 7637 18
7614 7636 17
7615 7645 8
7619 7616 17
7624 7628 6
7622 7603 6
7606 7621 10
7633 7636 4
7628 7611 3
7634 7626 13
7603 7605 15
7633 7606 15
7610 7611 9
7601 7601 8
7728 7733 8
7701 7709 17
7740 7734 8
7719 7706 3
7725 7735 18
7729 7734 8
7739 7745 2
7713 7722 18
7717 7711 18
7748 7733 7
7713 7732 3
7713 7723 8
7731 7713 17
7714 7701 18
7734 7704 10
7721 7738 15
7731 7743 16
7719 7730 9
7818 7820 2
7844 7831 2
7817 7806 16
7818 7806 5
7829 7805 2
7822 7800 8
7829 7807 11
7848 7819 4
7838 7842 3
7832 7803 0
7806 7840 6
7815 7829 0
7846 7838 16
7823 7807 12
7833 7823 4
7846 7819 2
7832 7833 16
7829 7801 2
7806 7841 1
7843 7807 16
7842 7806 7
7829 7845 0
7832 7842 1
7846 7825 14
7812 7834 17
7816 7829 13
7841 7831 13
7839 7809 15
7842 7831 12
7821 7811 10
7804 7839 10
7849 7808 17
7846 7804 2
7801 7817 3
7802 7825 17
7813 7817 4
7832 7803 10
7810 7846 1
7835 7815 11
7824 7806 2
7825 7801 2
7817 7817 10
7847 7813 7
7806 7818 7
7820 7829 18
7837 7829 9
7826 7807 14
7822 7823 5
7848 7802 2
7815 7820 13
7831 7824 19
7841 7844 3
7804 7828 9
7801 7810 15
7825 7840 8
7816 7846 3
7822 7827 14
7833 7811 9
7840 7814 19
7838 7811 4
7843 7828 18
7805 7818 18
7820 7831 13
7822 7836 6
7825 7820 7
7847 7822 14
7828 7833 14
7813 7834 4
7849 7848 11
7847 7816 18
7829 7829 18
7834 7809 16
7800 7809 7
7847 7819 5
7837 7849 5
7849 7838 12
7840 7823 11
7848 7830 2
7830 7835 6
7842 7835 11
7845 7836 7
7834 7832 2
7809 7834 3
7805 7822 17
7826 7840 1
7849 7836 18
7833 7819 10
7840 7838 3
7838 7827 5
7848 7801 8
7848 7815 7
7807 7824 12
7839 7830 1
7845 7802 2
7830 7800 9
7839 7804 16
7836 7848 11
7837 7825 1
7922 7913 18
7917 7916 11
7915 7912 9
7929 7905 4
7945 7942 10
7912 7903 0
7924 7900 13
7913 7915 18
7921 7925 19
7905 7907 19
7943 7938 2
7940 7907 6
7930 7939 15
7924 7910 6
7942 7907 13
7947 7947 15
7905 7907 1
7925 7929 12
7946 7948 9
7908 7932 1
7911 7904 10
7939 7921 13
7929 7947 11
7948 7943 2
7907 7941 7
7902 7926 14
7924 7942 17
7917 7944 10
7918 7934 12
7947 7914 13
7906 7945 2
7916 7931 13
7929 7922 0
7939 7922 16
7909 7922 12
7924 7904 7
7935 7933 11
7930 7935 0
7935 7936 19
7935 7908 15
7929 7905 9
7946 7907 3
7922 7905 10
7905 7927 12
7918 7936 6
7930 7908 11
7910 7905 13
7906 7937 18
7935 7914 19
7946 7933 0
7935 7930 17
7924 7902 1
7928 7902 17
7939 7915 4
7928 7904 9
7943 7945 8
7935 7916 10
7910 7911 6
7904 7914 2
7913 7906 19
7904 7902 18
7909 7939 4
7919 7947 8
7907 7900 15
7946 7948 17
7935 7945 14
7918 7920 10
7919 7931 18
7937 7930 1
7926 7933 17
7902 7910 3
7946 7908 15
7949 7949 0
8035 8022 11
8017 8011 0
8034 8023 8
8042 8030 1
8047 8017 12
8048 8041 14
8019 8013 10
8035 8039 10
8040 8005 2
8042 8002 9
8031 8027 18
8021 8027 6
8040 8006 7
8031 8002 12
8034 8001 11
8005 8031 4
8009 8020 1
8017 8038 12
8038 8014 4
8037 8021 9
8025 8015 15
8024 8004 2
8045 8023 7
8013 8021 16
8046 8000 1
8037 8032 17
8005 8035 17
8037 8034 8
8034 8008 11
8010 8041 17
8026 8049 2
8028 8003 12
8020 8001 9
8038 8040 9
8037 8003 14
8039 8021 14
8043 8008 15
8029 8014 0
8012 8019 14
8025 8012 19
8045 8022 17
8012 8040 10
8027 8017 18
8022 8038 2
8036 8033 8
8044 8015 0
8034 8030 12
8035 8014 2
8025 8010 7
8029 8038 16
8008 8027 1
8048 8001 12
8100 8126 16
8126 8143 5
8122 8122 13
8142 8104 16
8117 8125 6
8110 8146 1
8103 8113 1
8138 8132 15
8142 8130 18
8120 8104 18
8128 8103 8
8103 8126 6
8115 8139 1
8139 8131 16
8144 8111 16
8146 8111 17
8144 8141 13
8118 8143 19
8112 8128 3
8106 8126 3
8121 8139 12
8142 8136 16
8127 8120 4
8123 8146 1
8119 8148 4
8105 8101 4
8102 8112 0
8116 8110 19
8136 8136 16
8135 8104 12
8135 8102 11
8110 8114 10
8111 8147 10
8134 8118 6
8100 8107 18
8138 8120 17
8109 8122 5
8126 8126 1
8121 8144 2
8115 8146 12
8103 8107 13
8139 8121 12
8140 8142 8
8109 8135 0
8126 8140 17
8127 8114 14
8108 8120 2
8104 8138 1
8247 8237 1
8209 8201 19
8212 8228 3
8234 8213 6
8232 8218 4
8233 8208 15
8240 8229 14
8220 8237 13
8224 8215 15
8234 8222 3
8222 8230 2
8214 8232 12
8209 8213 5
8220 8221 3
8242 8224 18
8238 8211 5
8232 8248 4
8212 8230 8
8207 8222 12
8223 8232 14
8210 8211 5
8244 8200 4
8243 8207 19
8202 8246 13
8206 8212 14
8244 8207 1
8235 8207 19
8240 8202 14
8203 8219 18
8247 8219 9
8229 8224 10
8248 8236 16
8229 8200 3
8203 8234 0
8208 8241 7
8202 8216 1
8248 8240 2
8226 8224 4
8239 8244 5
8235 8206 6
8218 8246 0
8241 8246 3
8238 8233 9
8213 8232 17
8205 8232 15
8200 8223 6
8324 8300 16
8304 8318 6
8348 8309 7
8348 8304 5
8310 8321 16
8345 8327 8
8326 8300 8
8345 8340 5
8319 8320 6
8338 8344 7
8321 8309 1
8340 8320 6
8328 8328 5
8301 8303 11
8342 8315 10
8347 8321 5
8303 8304 12
8346 8337 18
8445 8424 3
8408 8422 14
8429 8442 12
8408 8404 17
8423 8410 1
8423 8434 5
8433 8421 18
8437 8440 3
8409 8403 19
8442 8441 2
8441 8424 7
8500 8502 2
8532 8548 10
8515 8538 7
8510 8515 1
8523 8531 5
8517 8503 19
8531 8508 1
8543 8545 12
8536 8506 0
8525 8518 7
8518 8537 5
8506 8541 9
8536 8522 19
8533 8502 10
8505 8520 10
8523 8534 13
8540 8533 5
8520 8502 8
8517 8521 18
8507 8512 2
8501 8515 10
8510 8502 11
8509 8538 12
8501 8532 2
8526 8506 10
8545 8535 15
8547 8502 16
8542 8549 2
8528 8509 10
8520 8548 14
8502 8540 0
8536 8548 7
8533 8541 6
8518 8540 17
8547 8518 0
8512 8543 2
8500 8527 9
8545 8520 19
8506 8524 8
8509 8534 5
8546 8527 14
8504 8516 13
8515 8540 6
8510 8532 11
8547 8540 7
8532 8520 16
8501 8510 15
8520 8515 10
8513 8512 8
8539 8544 0
8546 8539 7
8531 8531 1
8503 8537 8
8521 8533 11
8539 8548 15
8505 8501 1
8511 8500 18
8534 8543 12
8543 8525 6
8545 8506 17
8533 8526 4
8527 8514 11
8547 8539 17
8517 8533 8
8522 8538 13
8518 8527 13
8539 8502 18
8504 8501 10
8539 8501 2
8545 8504 0
8520 8524 16
8543 8532 8
8535 8532 13
8540 8507 6
8527 8501 11
8511 8548 14
8538 8530 19
8543 8540 3
8516 8514 7
8527 8528 3
8528 8522 5
8520 8530 9
8547 8502 12
8514 8503 19
8520 8515 18
8501 8519 19
8527 8533 19
8524 8531 9
8536 8536 15
8512 8533 12
8609 8619 12
8638 8613 5
8637 8638 17
8633 8627 9
8612 8633 8
8608 8634 11
8649 8648 1
8627 8647 14
8632 8634 2
8613 8640 2
8641 8644 5
8600 8618 0
8609 8609 8
8640 8639 13
8626 8605 6
8619 8633 9
8614 8648 19
8628 8630 19
8630 8619 14
8609 8601 15
8607 8619 7
8628 8642 16
8615 8634 16
8609 8617 18
8617 8623 13
8637 8638 5
8625 8619 10
8648 8613 7
8621 8640 3
8617 8637 17
8637 8645 15
8622 8604 13
8612 8614 8
8627 8610 3
8639 8607 9
8622 8629 10
8624 8649 5
8638 8611 9
8602 8628 19
8639 8603 14
8631 8602 18
8645 8601 4
8621 8615 14
8616 8644 2
8645 8643 15
8623 8640 8
8620 8600 0
8637 8639 2
8616 8635 5
8643 8630 14
8648 8615 17
8644 8633 7
8605 8617 5
8636 8600 8
8623 8620 14
8644 8637 18
8617 8624 18
8636 8630 16
8638 8609 13
8646 8630 10
8649 8624 4
8607 8625 1
8611 8625 8
8600 8649 8
8638 8645 0
8618 8605 2
8635 8644 12
8605 8645 16
8634 8631 19
8746 8736 1
8836 8844 9
8818 8810 8
8839 8800 19
8831 8803 10
8828 8836 13
8814 8843 3
8825 8812 4
8801 8804 18
8816 8839 2
8801 8847 11
8821 8842 8
8837 8811 8
8831 8818 10
8843 8842 11
8843 8814 8
8849 8822 11
8801 8822 8
8826 8823 13
8913 8943 11
8910 8932 13
8909 8940 9
9042 9005 6
9039 9007 14
9031 9036 17
9003 9023 12
9048 9006 7
9013 9014 2
9025 9008 0
9025 9027 10
9011 9028 3
9039 9000 1
9041 9025 17
9019 9008 0
9029 9006 2
9029 9017 15
9021 9008 9
9012 9047 12
9017 9007 2
9042 9013 8
9016 9013 13
9042 9024 17
9028 9033 13
9045 9018 19
9028 9020 14
9046 9025 17
9044 9013 15
9046 9007 11
9036 9015 3
9032 9019 11
9023 9030 16
9048 9033 8
9028 9016 6
9034 9033 16
9007 9023 17
9013 9000 8
9041 9024 7
9009 9010 0
9015 9008 6
9008 9047 6
9046 9047 13
9022 9010 11
9022 9022 14
9049 9039 18
9009 9028 1
9033 9028 13
9016 9023 2
9003 9040 7
9012 9025 13
9009 9037 3
9024 9018 11
9012 9002 12
9014 9011 14
9047 9022 1
9008 9028 15
9043 9009 17
9043 9042 17
9042 9010 12
9034 9032 3
9024 9048 4
9022 9020 19
9035 9044 17
9033 9043 16
9036 9018 14
9008 9007 10
9013 9000 4
9107 9118 19
9121 9133 4
9101 9105 13
9105 9102 6
9122 9101 14
9133 9116 3
9104 9123 17
9125 9107 4
9145 9141 5
9108 9108 10
9122 9116 3
9112 9137 8
9109 9111 8
9130 9106 8
9145 9113 11
9148 9145 19
9147 9148 6
9123 9113 15
9103 9136 9
9131 9132 8
9131 9129 2
9244 9217 12
9237 9237 5
9217 9237 9
9246 9235 17
9212 9208 6
9203 9234 14
9246 9220 11
9247 9246 1
9225 9224 18
9209 9225 17
9246 9243 15
9228 9215 1
9225 9240 11
9212 9209 13
9205 9236 13
9238 9234 4
9228 9214 2
9210 9223 7
9249 9208 5
9216 9247 3
9210 9207 15
9220 9240 19
9243 9216 16
9202 9200 6
9209 9236 5
9243 9220 7
9238 9206 14
9238 9209 16
9224 9223 8
9234 9219 0
9213 9235 8
9235 9206 16
9208 9247 10
9228 9207 1
9230 9201 0
9204 9228 5
9225 9249 19
9213 9248 18
9231 9240 0
9201 9206 13
9245 9202 15
9213 9204 17
9213 9243 10
9227 9216 14
9243 9227 1
9218 9221 18
9213 9210 12
9231 9245 15
9247 9245 9
9232 9248 13
9220 9249 8
9208 9241 3
9221 9237 13
9238 9238 11
9217 9237 17
9222 9247 2
9242 9233 12
9245 9200 14
9240 9216 19
9203 9232 10
9225 9210 18
9223 9226 0
9238 9216 19
9207 9203 17
9216 9238 13
9233 9230 7
9236 9202 6
9207 9218 8
9201 9216 15
9243 9222 17
9217 9218 2
9217 9222 2
9219 9202 16
9219 9238 12
9225 9206 15
9230 9235 0
9237 9240 1
9249 9201 5
9221 9216 12
9236 9229 16
9221 9249 17
9230 9224 10
9234 9205 7
9207 9206 16
9203 9239 0
9218 9224 4
9224 9212 10
9224 9241 17
9223 9243 12
9226 9208 12
9219 9236 12
9205 9226 12
9314 9313 1
9341 9340 4
9337 9325 0
9337 9314 15
9337 9317 15
9326 9346 6
9339 9332 6
9338 9320 2
9333 9303 16
9328 9328 14
9325 9308 11
9327 9302 6
9415 9406 18
9422 9418 13
9406 9437 8
9405 9414 4
9417 9400 9
9409 9421 17
9504 9509 10
9519 9505 1
9517 9518 6
9521 9528 5
9540 9548 6
9518 9537 15
9524 9536 18
9536 9507 13
9520 9546 7
9533 9539 5
9521 9545 14
9531 9500 3
9526 9533 11
9539 9540 17
9509 9527 6
9533 9542 6
9514 9539 15
9531 9540 9
9605 9619 18
9625 9622 19
9611 9613 16
9625 9614 6
9647 9604 7
9632 9621 7
9624 9604 16
9605 9608 1
9642 9608 14
9633 9634 10
9645 9627 5
9617 9646 16
9630 9617 13
9638 9600 10
9621 9630 8
9646 9633 13
9649 9621 0
9643 9614 2
9624 9649 7
9618 9621 5
9619 9613 4
9641 9633 13
9604 9627 14
9629 9629 14
9647 9637 7
9633 9601 11
9648 9605 2
9638 9609 0
9604 9614 17
9647 9612 1
9642 9634 16
9713 9747 17
9706 9727 0
9748 9745 2
9702 9737 11
9720 9727 15
9715 9712 14
9748 9725 18
9709 9732 14
9710 9712 5
9709 9720 5
9708 9714 2
9714 9709 1
9713 9721 9
9737 9708 0
9735 9713 6
9712 9709 5
9737 9726 0
9723 9707 10
9714 9708 7
9709 9731 4
9707 9708 1
9745 9709 7
9724 9727 15
9733 9745 9
9730 9740 13
9707 9717 17
9717 9742 13
9749 9715 3
9729 9748 16
9716 9731 17
9720 9703 16
9736 9723 6
9726 9715 16
9726 9706 9
9728 9729 11
9712 9732 15
9718 9718 0
9742 9740 7
9742 9701 19
9726 9718 18
9722 9744 10
9727 9718 6
9701 9732 18
9738 9733 1
9705 9729 16
9741 9702 18
9744 9725 2
9731 9715 11
9721 9701 3
9747 9742 11
9712 9748 13
9738 9716 19
9715 9733 0
9701 9747 3
9730 9741 2
9747 9740 12
9730 9739 10
9740 9715 9
9745 9727 15
9710 9719 4
9700 9702 9
9724 9725 15
9736 9724 1
9743 9738 11
9734 9723 5
9726 9733 18
9723 9730 15
9720 9748 3
9700 9733 13
9707 9712 16
9715 9703 1
9732 9705 6
9700 9717 9
9713 9729 6
9701 9746 17
9712 9743 5
9749 9716 9
9722 9735 5
9741 9710 10
9708 9703 9
9719 9733 9
9720 9720 18
9713 9704 11
9845 9838 4
9822 9849 19
9847 9801 15
9838 9816 5
9838 9826 19
9830 9826 0
9833 9802 7
9849 9821 1
9831 9849 1
9836 9805 10
9803 9836 4
9806 9808 1
9811 9800 1
9814 9843 12
9840 9834 10
9800 9814 15
9833 9836 19
9833 9803 2
9816 9801 14
9826 9842 10
9830 9805 11
9808 9838 2
9813 9839 11
9826 9831 19
9821 9804 11
9812 9812 5
9817 9821 15
9822 9845 6
9839 9846 12
9846 9800 19
9810 9803 4
9824 9838 2
9836 9802 18
9845 9825 3
9820 9805 19
9835 9822 4
9840 9808 3
9811 9806 0
9824 9817 13
9824 9840 16
9812 9848 3
9830 9828 6
9813 9808 4
9845 9814 1
9807 9804 10
9815 9842 10
9814 9809 19
9837 9842 4
9814 9814 7
9935 9913 0
9936 9900 10
9911 9940 0
9901 9926 4
9923 9923 13
9917 9948 5
9944 9921 14
9915 9947 12
9902 9920 3
9904 9940 12
9900 9924 8
9905 9927 17
9921 9917 2
9909 9938 8
9939 9914 5
9903 9904 9
9923 9948 5
9904 9948 11
9936 9905 6
9913 9928 11
9911 9901 13
9936 9904 8
9927 9937 4
9930 9929 13
9943 9917 6
9928 9904 14
9901 9911 15
9948 9925 12
9931 9909 19
9924 9949 9
9904 9903 15
9937 9945 11
9923 9938 14
9929 9929 15
9918 9928 0
9925 9934 7
9911 9913 17
9920 9943 4
9910 9925 2
9911 9934 18
9924 9945 0
9908 9924 19
9941 9915 4
9945 9933 16
10030 10004 12
10020 10013 9
10018 10043 5
10004 10026 12
10005 10034 4
10002 10044 3
10005 10004 1
10006 10040 18
10018 10049 12
10010 10042 9
10020 10013 13
10034 10047 17
10048 10049 18
10035 10045 17
10001 10044 9
10031 10016 5
10023 10049 9
10047 10014 19
10047 10008 4
10043 10047 19
10030 10006 16
10038 10043 3
10044 10028 17
10038 10016 3
10037 10007 6
10014 10032 0
10038 10039 3
10041 10000 15
10020 10020 17
10041 10002 3
10028 10048 12
10009 10007 17
10034 10039 11
10019 10026 12
10035 10034 5
10033 10040 2
10021 10043 12
10043 10029 9
10022 10039 19
10040 10004 5
10039 10049 6
10003 10011 8
10010 10044 17
10036 10033 9
10004 10039 8
10019 10036 19
10027 10013 15
10027 10038 10
10012 10040 0
10001 10030 11
10029 10032 5
10033 10016 12
10016 10029 12
10035 10005 15
10046 10023 16
10006 10012 10
10001 10016 17
10021 10008 4
10002 10027 16
10040 10046 19
10048 10021 19
10042 10035 11
10029 10020 5
10027 10023 1
